10,8,3,1,3,3,2,13,2,1,2,2,11,3,3,3
3,2,1,2,1,1,1,2
3,1,1
3,1,5,2,3,3,1,2,3,1,1,1
2,3,2,12,2,1,1,3,1,1,3,2,2,1,3,2,3
2,15,1,2,1,6,2,1,2,11,3,7,2,14,7,1,1,1
1,3,3,1,6,2,2,3,3,15,2,1,1,11,1,3,1,3
1,1,3,3,1,11,3,2,2,2,1,1,2,1,3,2,1
1,2,6,2,1
1,2,3,2,1,2,3,1,2,1,2,1,2,1,1,6,3,3,8,2
6,1,1,12,3,3,3,2,3,3,3,14,3,3,2
3,3,1,3
2,3,2,3,1,1,2,6,1,9,5,12,13,1,2,3,3,1,3
1,5,1,3,1,3,3,3,1,1,12,1,9
3,2,7,3,4,2
1,2,3,1,3
3,8,3,1,7,2,2,2
1
13,11,14,1,11,3,2,5,3,6,12
1,3,10,13,14,1,1,13
3,1,1,2,2,2,3,13,1,1,2,1,1,3,1,3,1,6,3
15,1,3,7,7,1,1,2,12,1,5,7,1,3,3,1,12,1,3
1,3,3,1,2,3,2,3
