15,4,6,28,28
1
1,1,4,5,1,1
5,5,3,6
2,4,18,16,5,4,1
2,19,1,5,2,30
1,8,5,5,4,1,3,1,3,5
1,10,4,6,4,30,3
12,1,13,5,4
3
3,6,6,16,3,2,2,6,6
6,2,6,5,1
2,2,6,6,5,1,28,2,4
20,2,3,5
1,1,2,19,18,6,4,24,5
4
15,3,16,2,2,7,26,8
1,20,1,19,2,8
3,4,6
5
1,13,30,2,1
2,4,6,3
5,30,3
2,16,2,4
28,13,3,15,5,5,2,12
6,6,6
3
1,2,3,4,6,8,7,7,2,2
2,15,19,1,3,2,4,4
4,3,2,25,6,3,3
14
3,25,5,4,3,5
22,6,6
4,6
4,1,5,11,4,1
1,1,5,8,18
2,2,2,4,10,2,3
12,2,1,23,1,3
5,1,2,1,2
4,3,23,9,5,5,4,4,17,14
6,5,4,5,2,13,3,1,21,2
2
2,5,6,6,21,1
7,3,3,3
1,3,21,4
6,1,3,22,19,4,28,6,1
1,2,2,6,4,4,5,20
5,19,2,18,1,3,4,6,7,4
2,2,9,2,4,20,4
5,21,5,1,22,2,6,1
1,5,4,3,1,3,4,5,15,2
6,6,6,3,3,5,3
4,2,4,2,5,2
3,1,3,3,6,2,1
6,2,3,20,5,2,28
2
5,2,3,23
14,22,3,1,5,4,6,2
4,4,2,18
2,4,5,1,2,1,1
5,2,4,5
14,6,1,29,6,2,17
4,4,4,4,5,1,2,23,4,4
1,4,29,22,3,5,3,12,27
2,6,5,3,4,1,14
2,2,8,4,3,3
3,2,3,2
17,4,6,6,5,1,21
2
4,2,4,6,5,2,6,1,11
5,3,4,6,4,23,3
5,22,14,2,3
2,6,5,1,5,2,3,1
9,6
4,1,3,29,1,1,9,1,4
1,4,2,24,3
4,2,1,1,1,5
23,5,4,12,4
1,1
2,1,25,2,4,6,2,3
5
3,4,7,4,4,15,6,9,5
2,6,5,2,6
7,5
4,6,1,2
1,2,6
18,1,5
5,17,4,5,23
16,1,6,5,5,4
5,6,6,6,5,5,2,2,9,5
1,2,1
23,3,4,1,4,4,2,6
4,1,4,5,3,4,6,3
7,4,6,12,6
2,4
1,6,3,1,5,2,11
4,2,1,9,20
1,6,1,1,5,2,1,3,3
26,6,3,5,5,14,10,2
5,2,3,8,3,14,5
2,1,1,2,5,6,3,6,24
1,4,4,5,18,6,6,3,4
5,1,6,4,2,14,5
4,1
29,5,1,1,2,6
6,2,2,1,4,6
5,5,5,5,22,6,1
1,4
1,6,4,4
5,4,2,30
6,6,7,13,12,3,3,23
17,2,6,4,6,24

5,6,12,2
3
2,1,2
10,5,1,3,17,5,9,2,4,5
22,22
1,12,2,2,2
2,1,5,7,30,4,2,5,5
4,5,4,3,3,6,5,1
4
26,28,5,6,4,2,2,3,7
1
5,5,5,1,3,2
1,13
2,4,1,6,2,3,25,3
2,2,4,5,3,2,5,5,6
3,3,6,5
3
30,4,3,6,3,6,3,24
9,1,4,2
5,6,2,24,1,29
3,3,1,6
5,1,9,14,3,2,16
3,29,3,3,2,14,4,4,21
5
15,2,30,3
5,3,5,1,5,4,1,7
1,2,3,2,3,4,4
5,4,17,2,6,5,4,6,6
2,1,2,6,4,5,3,5
6,5
