31,140,244,34,86,29,18,97,50,55,97,489,295,99,62,82,26
77,92,356,91,81,18,356,271,71,381,29,19,48,24,109,113,52,41,24,93,90
78,53,272,332,95,42,41,43,40,87,97,473,123,82,73,311,52,62,175,2,479,42
4,464
2,90,44,20,15,51,71,439
58,91
375,66,51,54,457,43,49,327,2,45,57,19,38,268,41,92,18,266,71,50,86,147,38,66,33,54,78,54,451,72,75,245,58,427,431,24,32,4,82,39,223,69,94,30,11,1,55,378,86,36
105,47,87,362,39,67,31,24,77,60,109,89,144,24
42,66,15,44
31,18,29,245
79,491,430,64,86,37,34,78,88,73,50,17,48,66,41,246,201,83,54,85,96,82,89,279,47,210,39,84,291,67,93,317,5,420,33,5,31,84,34,20,69,61,1,92,175,441,6,312,7
346,33,47,247,8,85,6,10,202,100,355,20,80,68,37,78,400,297,47,59,392,434,12,20,97,277,90,78
425,219,284,108,26,90,79,81,184,97,58,10,73,7,55,16,220,34,21
225,263,391,70,91,92,84,95,89,291,82,63,153,34,65,9,33,35,185,95,86,38,41,91,47,85,90,59,23,57,425,64,87,66,83,447,33
53,19,98,66,49,351,60,90,452,293
59,51,29,2,28,36,50,242
46,12,63,86,447,50,342,15,127,46,493,89,92,26,23,63,82,100,35,248,1,56,66,41,19,208,22,27
7,56,37,74,56,27,7,45,100,88,329,89,95,69,75,25,416,87,29,64,60,16,76,160,81,44,11,22,281,32,85,76,10,24
82,450,38,44,11,59,58,81,20,25,46,53,382,51,65,28,98,468,149,75,176,23,12,58,43,61,78,368,100,97,14
69,94,85,34,328,4,20,95,80,35,46
84,21,411,79,35,35,66,13,9,32,34,402,91,86,201,100,168,23,41,75,90,10,66,68,353,205,67,29,58,95,7,61,22,38,4,60,82,20,428,20,103,39
338
11,17,124,80,4,70,24,38,61,12,25,93,249,10,87,340,23,414,467,57,26,191,131,27,6,61,71,45,54,22,355,7,23,7,63,88,78,79,54,12,37
62,10,101,230,66,68,174,394,99,94,179,91,493,74,435,325,39,48,40,433,83,48,74
83,106,295,89,53,402,6,10,68,39,298,46,40,462,497,454,87,335
40,225,7,31,26,49,2,97,82,1,71,15,3,14,95,11,14,6,41,38,45,4,9,69,6,462,5,38,67,48,27,23,88,31,60,20
286,47,40,62,69,153,14,14,89,83,82,37,52,146,467,65,43,18,6,59,31,202,448,6,68,112,188,50,23,53,55,75,97,83,11,12,77,14,35,44,97,185,74,86,28,99,99,12,6
86,21,55,96,16,51,29,57,445,21,49,72,66,34,60,75,96,28,64,45,79,399,55,81,94,46,30,55,64,2,22
21,4,464,39,65,10,53,6,25,35,10,421,90,46,362,41,41,6,25,21,44,82,24,342,375,80,65,16,304,82,97,76,1,21,91,467,38,75,77,17,15,81,74,74,69,83,43,91,94,87
100,29,7,27,94,71
35,41,76,433,44,72,140,56,83
21,76,26,70,44,15,98,60,64,470,136,55,39,456,17,455,220,98,15,65,9,74,49,37,89,168,43,228,75,42,88,25,12,454,487,34,99,33,198,469,4,389,246,36,95,63,237,72
25,84,12,14,90,3,13,76,63,77,3,199,94,16,85,55,48,100,283,153,11,121,60,12,390,33,71,44,44,99,16,232
54,39,52,14,86,38,37,16,256,54,24,95,50,3,70,6,42,367,87,49,79,21,11,223,4,14,9,323,24,3,49,407,206,43,14,43,3,54,6,40,322,1,99,79,3
90,19,30,98,35,195,14,493,81,87,4,477,75,74,40,16,58,435,58,15,69,44,297,75,11,56,222,277,118,425,23,28,70,54,16,48,272,13
91,31,89,390,88,92,34,2,20,467,16,204,99,57,302,287,98,54,87,416,4,483,70,32,149,379,13,2,38,29,25,23,61,83,49,449,349
15,92,95,2,72,59,251,64,77,2,15,402,29,52,12,80,85,47,76,15,3,74,184,5,80,12,210,73,16,21,13,261,62,74,32,417,28,26,6,45,45,7,77,68
66,80,57,19,67,30,53,415,15,55,14,48,86,79,35,36,47,78
175,74,87,122,63,88,82,8,9,16,55,60
420,88,9,43,400,3,98,350,405,16,66,59,86,48,174,51,18,82,60,95,21,50,62,28,48
439,92,203,99,216,74,73,278,2,69,118,84,385,55
17,21,30,34,78,95,93,81,207,18,80,77,460,4
79,60,34,71,41,14,35,63,29,67,42,384,33,486,100,187,82,51,71,96,28,158,104,185,35,59,417,368,54,14,99,80,44,35,91,365,4,38,64
43,66,60,39,52,42,98,20,52,87,113,75,99,21,35,86,78,24,72,38,13,28,8
13,99,25,109,23,152,100,301,79,74,25,114,96,91,7,9,74,18,389,4,8,89,32,78,56,79,63,297,44,13
37,57,100,29,95,21,28,77,4,73,345,427,87,82,13,36,86,91,64,15,90,67,368,48,112,67,88,84,15,361,70,81,60,61,412,98,45
24,35,63,221,78,98
6,29,18,3,18,90,430,82,68,53,97,61,94
99,19,370,50,343,14,97,48,166,27,85,88,498,98
19,26,1
20,21,52,92,406,21,34,318,65,419,47,369,60,44,66,467,33,72,6,9,80,13,35,13,95
9,14,48,51,43,50,66,67,71,346,25,52,370,90,74,47,346,94,261,85,80,34,81,89,57,295,69,90,8,55,319,94,191,80,400,20
65,151,60,7,98,344,39,90,75,22,481,100,7,23,396,60,25,368,100,32,25,422,9,19,72,45,69,60,58,14,75,82,73,49,257,85,98,12,52
88,358,88,73,73,41,78,59,325,51,63,38,51,1,21,491,24,35,29,76,51,42,39
65,66,46,382,79,51,68,356,50,19,89,55,4,45,6,14,30,97,11,345,82,404,58,10,29,218,10,68,100,38,104,25,253,64,61,66,44,51,91,17,14,96,96,45,332,44
60,189,236,298,86,21,90,36,83,194,50,4,351,74,100,60,268,88,64,13,70,98,421,50,436,49,54,102,50,76,98,56,438,75,143,34
171,59,400,19,182,4,81,251,357,81,53,307,44,32,98,98,58,16,324,307,75,94,56,72,45,84,78,82,30,57,18,486,239,130,327,96,19,57
406,24,329,23,43,34,53,28,81,22,89,86,47,23,91,73
23,17,85,349,17,14,14,10,98,255,82,73,52,66,56,59,98,77,46,37,70
2,115,202,16,353,48,27,89,93,61,41,431,66,65,89,20,12,27,5,396,25,37,5,410,28,226,71,83,6,11,47,34,49,18,97,436,471,69,457,463,7,383,62
326,475,97,31,2,19,43,47,47,253,12,4,7,37,31,2,32,94,38,49,70,465,24,34
30,18,18,289,12,26,13,146,113,451,77,98,84,358,4,47,96,39,28,73,26,64,261,85,75,16,66,58,52,222,295,100,73,494,38,435,442,69,8,499,79,82,44,24
87,461,16,318,51,14,94,422,57,67,50,6,21,9,37,79,458,3,500,56
93,311,38,3,408,290,34,37,343,167,16,39,68,27,90,338,99,114,80,4,76,87,33,268,75,93,57,55,99,142,74,1,32,278,12,79,73,125,65,149,30,46,87,70,449,54,28,255,2,159
93,9,45,241,6,94,5,38
16,59,94,409,493,220,10,51,43,97,26,124,77,67,36,96,96,43,31,82,49,42,100,28,17,12,31,32,64,73,30,52,18,55,84,63,41,66,46,41,130,24,84,145,70,13,47,12,32,62
167,58,75,63,28,35,109,334,316,5,36,66,422,79,135,3,223,60,98,98,95,444,25,44,93,161,104
92,75,23,67,56,418,76,49,11,18,18,26,13,288,86,96,97,61,40,52,27,54,191,27,355,92,48,55,73,96,69,98,41,86,393,2,63,62
26,18,58,52
97,41,54,248,109,280,28,271,89,14,168,98,460,274,70,49,489,1,339,9,215,27,45,34,31,45,59,18,54,35,33,70,434,37,90,94,33,22,495,58,20,97,347,447
87,16,16,94,380,80,76,54,198,27,83,90,19,28,426,93,69,346
45,82,94,48,374,35,11,31,6,17,19,88,83,68,11,51,99,30,93,33,93,63,36,28,454,33,16,85,96,110,53,19,11,422,59,59,87,45,351,18,50,64
41,91,65,18,23,47,51,100,68,49,19,53,93,455,52,31,157,52,19,11,74,40,484,99
67,307,85,90,24,56,77,64,31,41,76,22,20,13,312,446,26,28,24,22,7,95,27,46,36,41,402,60,98,136,62,22,352,55,89,52,83,51,481,90
34,27,3,34,342,343,6,483,240,81,24,30,214,3,28,45,3,36,13,155,31,100,64,151,6,76,375,64
443,73,48,62,55,31,41,58,55,75,32,77,71,71,29,24,3,46,10,254,44
432,5,92,303,86,62,73,418,25,1,57,80,2,207,73,85,20,33,84,28,337,88,49,158,44,64
50,3,15,89,37,15,59,446,81,46,9,38,138,94,34,87,156,9,54,37,11,88,15,78,8,46,469,15,24,2,1,3,25,28,86,170,57,169,24,164,3,65,81
33,4,14,99,96,54,76,72,24,63,15,54,435,57,451,220,74,75,59,10,63,47
12,83,38,99,38,451,2,6,73,178,60,88,28,20,59,27,132,431,14,91
73,6,28,32,26,75,12,158,202,62,82,45,28,48,272,9,277,69,256,87,15,37,68,52,39,159,70,16,21,47,99,11,10,263,72,54,61
37,304,8,41,237,45,91,25,53,96,233,77,20,95,77,16,75,98,20,77,9,358,59,3,9,489,62,85
53,35,57,92,61,223,212,11,178,23
31,35,449,40,70,62,88,52,185,32,32,9,160,17,71,94,53,99,21,92,73,43,1,24,52,155,98,36,80,49,7,50,417,18,86
381
271,6,16,32,59,37,86,55,76,71,55,30,27,89,70,65,68,51,97,21,5,87,111,374,51,7
97,23,97,99,2,102,80,61,38,7,141,31,353,10,45,74
434,11,49,230,9,32,82,32,50,82,481,10,1,11,2,170,99,66,26,86,86,445,76,13,71,72,91,36,5,98,374,61,9,96,88,215,99,70,44
63,59,9,88,493,442,49,270,46,15,45,88,21,83,48,31,8,15,77,44,345,45,63,471,36,66,11,42,61,4,13,84,68,6,82,49,358,64,14,19,84,68,216,195,45,32,9,52,37,33
76,21,56,93,83,426,8,357
342,28,89,26,42,1,6,206,135,73,65,93,86,59,95,15,17,78,284,34,444,90,1,4,59,90,84,76,13,4,62,149,76,82,39,8
66,95,64,67,33,88,73,66,24,11,1,22,21,347,251,59,434,31,150,19,2,40,92,481,54,421,392
398,16,13,95,6,70,25,40,59,90,440
66
67,41,28,47,39,26,71,47,75,83,83,28,80,364,163,78
66,91,487,85
73,20,57,69,9,68,72,81
114,59,293,32,269,72,42,97,86,74,3,222,9,6,33,69,307,21,32,22,33,2,47,60,59,57,41,16,4,66,63,22,426,17
97,97,21,62,95,57,258,47,99,29,70,37,53,27,88,48,339,4,54,44,47,474,84,45,71,372,10,25,37,2,42
82,39,79,286,4,100,19,33,47,2,29,33,29,4,415,23,95,39,71,242,90,98
42,73,118,19,81,11,70,20,62,246,19,44,495,73,70,13,60,78,480,33,34,96,33,48,269,80,21,71,67,68,69,100,60,28,50,100,339,2,361,32,92,91
365,1,95,42,84,23,79,7,19,5,82,472,18,19,86,9,22,32,37,87,18,207,97,5,50,41,57,25,75,46,37,399,212,49,337
66,99,24,65,314,80,31,63,97,40,59,30,4,81,60,73,91,74,44,45,71,33,68,53,33,53,31,436,38
39,93,62,51,108,51,7,60,72,244,67,83,27,77,43,54,80,93,20,59,6,27,67,20,65
100,27,40,16,402,12,63,35,66,97,26,42,487,11,93,40,59,26,61,347,62,453,85,88,38,14,89,49,76,83,61,85,5,78,151,58,45,60
179,1,20,54,68
23,76,37,32,56,76,33,14,33,82,40,42
50,178,43,100,50,54,19,11,69,86,26,255,45,53,7,422,3,93,492,205,28,25,32,59,17,87,6,12,10,32,368,52,82,3,173
80,38,73,438,44,25,59,37,256,65
26,181,468,50,183,57,17,213
2,51,16,49,11,55,50,29,5,61
58,342,49,95,107,59,62,444,14,116,97,2,51,85,333,220,94,38,40,34,332,129,217,38,82,78,92,92,16,11,203,12,17,151,18,5
64,18,198,443,37,263,41,76,283,100,19,39,135,6,158,53,8,148,54
86,298,78,90,85,378
63,82,92,21,12,83,116,62,54,329,91,1,99,362,59,83,278,43,34,50,263,19,48,8,30,68,196,60,75,42,69,16,47,41,399,57,17,49,66,22,94,279,26
32,10
42,156,99,48,63,63,361,97,75
17,79,59,13,26,3,50,170,462,17,62,10,44,81,90,372,48,391,425,109,23,54,46,29,170,51,66,6,79,471,302,13,481,67,58,4,55,15,170,53,86,11,72,179,44
2,289,467,52,89,33,234,44,4,18,353,158,321,444,20,77,252,20,79,63,91,419
43,93,52,22,40,71
156,443,73,18,26,492,35,262,207,60,29,3,55,9,95,33,18,212,332,64,40,55,39,28,42,99,60,442,405,67,8,477,91,122,73,52,75,60,15,98,22,7,84,324,99,75,2
64,59,87,79,21,23,189,45,2,76,49,98
28,170,23,66,90,32,7,372,229,74,20
81,36,75,64,34,351,459,407,23,67,446,58,65,82,84,24,55,86,16,82,18,88,97,60,98,361,57,74,100,3,45,44,6,320,7,68,36,55,7,21
51,39,62,21,62,75,14,84,66,50,72,34,90,14,70,14,58,19,35,58,232,28,8,88,85,322,254,409,58,12,31
71,35,390,81,28,10,17,27,118,89,87,67,90,46,95,73,33,22,4,96,224
85,98,399,94,75,17,70,228,97,28,78,63,2,71,44,2,55
376,73,11,74,96,212,64,395,279,83,88,17,80,91,68,83,35,22,116,89,49,49,90,84,50,463
34,14,3,4,7,28,86,33,89,32,32,93,76,9,37,14,201,45,58,477,18,55,47,30,117,97,90,66
28,5,100,93,18,15,24,350,24,25,87,25,113,235,47,88,211,8,5,90,28,37,52,94,15,42,61
95,112,99,98,58,71,82,60,135,5,87,62,42,99,96,381,84,8,42,12,53,98,232,4,25,76,16,393,64,88,353,52,59,17,25,37,97,59,74,77
31,15,76,279,37,97,100,8,71,6,6,55,58,22,44,8,36,159,46,256,331,12,381,56,3,92,96,1,47,38,95,13,74,68
46,37,384,85,8,439,88,53
69,34,42,95,47,9,66,69,67,95,29,67,41,73,29,4,40,71,40,18,96,71,96,54,59,381,9,46,445,233,62,71,50
39,54,77,76,5,88,55,55,48,84,13,8,174,31,98
32,376,83,37,37,36,48,56,84,61,100,62,12
144,26,65,14,90,13,12,48,74,23,99,422,69,63,42,58,22,100,74,87,56,51,77
89,8,299,4,6,27,76,12,34,46,24,2,8,4,44,36,95,79,83,6,36,67,43,77,61,46,37,67,40,54,57,97,94,55,2
107,75,53,61,36,70,17,167,73,86,37,92,13,151
83,29,356,39,75,27,29,42,86,94,70,397,67,65,70,100,95,61,11,65,261,147,92,53,77,260,54,219,91,93,32,136,32,76,73,70,13,89,24
3,19,35,10,69,78,54,87,229,87,193,53,19,26,66,68,77,17,186,488,453,38,59,59,25,21,476,45,198,42,97,46,380,84,19,7,49,172,77,5,62,21,83,172,67,99,68,18
53,32,32,68,276,73,303,47,85,15,31,202,153,28,8,181,41,81,66,14,298,321,51,33,79,22,44,239,27,86,66,92,21,302,44,3,52,23,78,74,134,78
280,18,28,70,91,78,9,6,67,131,15,43,41,19,35,31,143,32,75,20,97,336
228,32
58,255,23,30,5,10,77,81,47,2,61,18,43,17,91,78,87,6,354,46,11,36,79,29,100,365,79,23,13,10,87,85,92,6
98,353,83,35,22,98,98,75,46,129,53,295,54,305,52,18,50,93,57,85,19,83,191,13,254,28,56,92,9,111,60,91,36,15,71,357
118,32,82,261,20
41,190,21,45,76,106,50,11,303,60,18,98,25,40,310,311,90,11,77,48,39,1,113,85,347,4,27,370,275,410,252,300,43,77,78,377,53,32,126,44
213,30,64,455,7,91,376,38,84,67,57,2,76,26,88,294,74,54,82,2,97,28,239,59,34,21,45,15,295,66,30,14,20
58,23,11,133,90,21,169,40,56,66,85,72,125,61,23,34,26,94,48,23,322,53,92,46,87,22,87,97,82,94,378,66,99,27,39,9,495,60,14,48,17,43,93
17,66,58,83,10,25,88,88,46,36,80,87,474,45,17,8,205,51,70,176,1,40,13,7,42,71,2
37,63,329,47,97,47,16,77,63,60,79,385,312,136,21,29,58,78,5,96,216,68,38,49,3,97,89,82,91,55,26,52,402,99,42,2,21,419,467,304,73
90,158,185,83,51,130,22,293,294,85,71,31,63,89,85,68,82,387,22,31,31,21,8,78,85,59,375,75,81,53,51,68,87,89,467,8,238,38
83,31,246,95,53,79,5,33,29,69,59,35,102,99,24,96,25,183,6
90,21,37,11,1,9,46,84,122,76,93,92,74,67,75,42,98,21,449
30,286,42,91,100,86,166,419,43,20,28,66,130,61,472,333,54,125,497,292,85,142,22,136,22,11,363,293,48,17,59,40,60
32,25,3,51,75,100,10,80,26,16,3,87,248,26,18,96,20,448,209,34,92,19,63,11,65,13,35,44,247,355,73,269,3,211,91,42,11,397,25
49,78,89,144,52,20,122,67,267,84,78,88,63,470,13,12,29,83,22,24
94,83,34,19,209,12,88,98,57,92,176,60,11,16
119,32,23,50,54,97,386,169,90,237,33,47,47,66,95,176,25,75,103,3,85,44,46,192
54,45,62,384,13,76,82,299,37,69,88,492,57,96,40,84,9,70,464,37,73,35,337,84,45,64,78,32,115,72,64,11,68,55,21,33
67,59,394,18,95,75,5,2,85,53,50,67,42,296,453,53,46,80,74,100,41,25,218,98,62,60,172,4,73,99,310,13,27,49,6,85,372,96,54,83,90
8,53,177,259,312,74,79,19,18,47,12,15,41,51,93,60
8,385,408,64,47,297,55,3,68,32,54,384,55,353,40,180,90,268,62,55,38,121
44,380,53,28,12,72,495,285,51,57,60,31,78,411,39,17,298,197,70,72,87,77,40,345,260,10,274,1,97,39,21,369,415,63,79
95,10,88,91,71,424,12,70,405,78,10,47,27,89,348,20,3,47,94,41,58,89,86,45,38,1,99
74,21,476,79,58,309,39,36,100,90,27,65,98,71
67,57,361,131,72,360,72,56,33,21,64,242,90,92,87,72,85,16,39,42,51,29,92,87,93,74,67,25,85,24,56,83,42,1,350,83,34,14,54,221,96,31,4,89,81,28
125,18,107,207,88,86,266,79,21,44,81,36
61,62,447,325,19,79,10,73,96,444,65,72,99,90,42,209,8,8,21,9,15,82,41,391,65,30,32,29,29,45,73,28,18,76,64,51,12,6,82,101,384,73,13,53,8
48,430
477,342,57,49,41,27,387
14,389,90,491,426,99,20,41,87,17,89,16,36,85,29,10,28,11,94,79,5,204,53,202,281,76,41,63,25,376,4,28,234,16,74
231,36,27,27,3,395,33,32,102,90,28,377,184,73,5,2,71,23,28,427,40,302,348,42
29,73,44,55,18,35,33,452,54,302,66,348,34,74,27,13,93,57,382,131,83
65,95,46,184,163,44,22,393,86,239,22,9,36,48,90,20,78,325,92,274,58,12,465,78,110,60,62,46,38
42,68,164,51,2,16,56,98,83,425,75
62
205,64,72,9,381,152,3,43,65,44,475,27,9,35,84,82,117,22,76,2,85,88,257,52,27,487,18,71,345,492,52
74,88,48,29,27,89,72
5,70,425,229,46,34,66
100,54,63,115
236,74,245,96,271,84,32,53,67,244,12,18,95,2,28,47,57,66,31,44,33,89,73,28,83,16,372,60
402,93,158,50,77,54,92,82,12,91,94,230,98,67,43,5,3,407,59,18,98,89,69,14,23,4,87,437,46,62,349,77,50,50,133
49,147,76,67,44,48,26,445,83,43,85,19,78,79,33,37,7,76,291,35,27,44,369,118,28,313,65,175,62,144,33,48,18,399,95,253,42,50,44,37,486,25,416,85,499,77,6
96
285,21,95,60,290,7,33,46,66,62,10,40,85,58,17
61,40,74,236,334,48,37,68,99,68,13,86,9,34,98,84,88,9,21,86,23,469,64,33,6,211,30,72,10,17,38,38,69,36,5
302,272,52,11,12,47,47,1,418,11,471,60,52,95,49,378,68,32,6,82,463,6,94,32,68,28,37,90,67,17,41,73,29,1,6,35,57,82,97,49,441,99,80,94
35,46,8,37,251,27,99,29,78,67,35,65,68,77,19,36,262,72,2,5,95,72,40,17,4,2,85,272,71,301,37,420,64,82,330,58,47,6,86,74,100,86,6,13,24,78,100,21
4,286,40,97,55,65,354,24,24,109,219,97,24,85,48,362,8,45,468,254,346,83,7,30,51,339,83,421,77,96,68,34,1,66,68,47,29,82,61,254,124,281,98
10,66
49,48,37,78,32,387,94,29,417,72,50,351,88,31,66,118,129,357,486,84,19
21,451,6,68
48,47,45,68,364,96,68,50,37,14,100,422,21,55,66,37,71,61,354,23,17,320,24,80,56,56,276,465,46,98,83,349,6,44,52,1
86,39,148,18,86,61,88,454,78,287,142,319,122,65,208,385,41,63,11,441,90,75,38,227,299,88,59,255
93,419,193,24,8,1,86,36,33,261,113,72,78,24,11,88,9,288,63,82,80,23,4
22,98,57,387,78,35,78,29,34,63
17,48,69,46,42,18,41,29,11,4,30,71,42,40,78
49,35,70
30,73,46,68,10,48,315,38,64,41,77,262,5,11,175,83,4,50,41,24,89,66,5
328,19,52,10,38,50,85,3,60,2,66,39,47,52,143,27,296,8,17,350,24,76,58,39,93,82,420,79,82,23,183,85,98,285,9,16,86,8,61,40,26,14,61,121,3,41,367,91
41,34,32,413,350,74,16,83,95,78,85,91,178,59,442,251,75,70,423,63,55,81,45,39,13,259,276,27,419,46,99,73,69,29,47,123,2,25,100,39,79,35
355,93,21,267,210,11,99,76,74,55,83,84,70,24,1,7,41,1,10,18,53,46,9,23,40,255,80,65,14,24,15,20,366,84,60,23,216,249,1,46,2,59,58,22,92
9,56,17,212,88,433,53,39,442,53,42,18,390,366,38,46,57,89,12,390,299,90,83,2
68,63,100,100,139,86,55,67,78,17,85,76,97,91,91,17,55,42
29,143,10,10,47,487,30,68,36,13,15,38,59,35,82,357,40,67,24,315,53,27,25,100,21,80,56,30,55,17,87,287,39,16,82,43,13,56
162,47,93,271,67,69,67,147,42,48,91,221,96,325,55,21,390,246,28,68,90,157,91,49,56,151,2,63,39,268,72,55,85,93
41,284,169,82,57,48,13,14,60,33,68,322,476,92,231,353,63,84,76,99,61,65,5,11,40,27,456,43
217,75,26,45,25,76,49,40,130,403,8,82,49,46,58,15,42,489,368,7,34,13,447,2,85,28,213,54,11,173,69,87,1,17,6,34,415,8,1,66,29,33,8,80,23,22,8,35,69,105
37,19,71,8,15,15,426,45,34,15,390,67,168,17,29,44,45,54,53,95,7,41,15,126,6,384,25,255,15,217,405,45,159,59,45,14,57,2,21,99,66,254,320,90
46,20,49,48,24,24,59,64,323,41,54,71,14,5,31,76,26,30
20,57,39,42,93,98,9,51,225
29,29,174,224,40,488,36,199,415,32,28
356,24,73,83,401,23,176,492,371,65,37,408,77,442,236,69,26,32,29,4,6,364,347,28,29,39,244,80,23,52,35,4,70,23
31,2,60,54,78,77,22,46,60,41,59,80,22,16,148,16,63,474,96,178,40,45,198,65,47,68,425,95,412,66,99,16,99,12,12
5,395,64,225,336
35,100,95,82,321,91,282,71,80,322,404,11,76,76,55,162,40,23,79,59,42,47,250,32,157,86,72,61
8,47,91,14,1,24,21,33,77,393,291,16,99,73,93,19,35,158,210,18,62
19,82,303,7,411
51,19,61,97,35,54,96,73,73,88,58,73,75,75,3,65,3,63,60,20,6,88,40,276,46,97,352,18,82,61,32,23,395,71
98,63,2,1,53,29,35,58,17,7,45,28,1,99,74,196,112,25,40,74,341,12,227,96,12,266,88,69,163,53,20,380,31,3,95,48
50,116,45,420,15,10,350,57,92,488,16
183,32,465,49,96
82,37,91,483,34,20,29,86,71
53,40,40,154,56,68,92,10,44,16,143,34,42
206,73,91,94,35,73,84,19,81,16,312,81
85,7,1,34,86,273,53,21,38,83,15,180
171,172,341,214,122,56,434,95,15,90,93,484,51,22
36,6,496,57,409,4,70,78,51,78,487,72,80,58,161,14,56,78,87,34,74,371,25,59,42,93,11,45,345,89,368,21,22,60,88,12,36
16,282,39,80,64,241,19,41,69,65,72,10,94,90,8,339,45,79,19,14,5,45,98,91,88,47,43,51,71,29,87,44,6,244,6,347,65,329,488,36,43
219,39,51,65,254,15,74,41,85,385,40,33
84,76,187,2,65,10,25,35,28,249,11,99,20,54,29,66,34,381,45,59,22,72,37,33,6,1
19,171,83,59,86,293,12,80,41,25,66,21,84,52,62,82,43,99,227,39,67,45,7,97,75,36,63,450,53,17,8,23,29,24,81,444,35,267,327,88,77,239,333,44,16,51
365,73,486,44,82,72,231,79,30,97,77,2,20,477
13,23,86,41,202,17,78,2,96,14,48,2,62,86,55,35,44,58,58,81,11,498,38,77,53,17,92,75,233,32,377,100,445,94,96,21,5,22,15,68,40,38,47,69,193,115,93,108,1,99
467,14,28,24
27,59,7,1,74,111,94,22,70
154,36,45,90,55,57,9,84,35,68,41,44,28,37,331,26,57
4,70,38,57,14,82,420,9,86,16,152,70,68,1,4,88,313,53,39,89,260,378,90,7,11,131,68,50,472,96,21,63,302
81,48,119,70,69,32,85,64,2,72,66,43,79,3,262,91,99,40,48,42,1,90,4,61,165,20,163,67,86,87,44,32
47,75,38,314,60,69,12,21,76,42,49,1,468,76,46,55,2,70,50,41,1,274,374,180,70,54,46,122,95,46,456,68,33,42,97,12
85,333,38,46,83,354,488,73,39,28,222,52,80
39,22,37,79,50,33,212,73,95,58,275,78,22,98,4,81,19,278,54,17,73,219,66,484,94,95,65,55,188,10,76,20,75,221,17,95
75,19,432,22,132,6,58,43,21,28,85,81,123,51,71,55,45,53,13,90,88
16,67,225,27,17,92,29,87,73,8,22,21,83
96,49,14,5,88,93,11,73,230
52,13,2,21,63,82,393,90,9,68,7,27,75,51,15,49,32,80,23,15,236,87,53,48,491,117,9,94,12,100,97,78,98,34,76,433,336,82,46,6,70,86,59
45,91,87,197,43,69,12,384,38,9,460,8,108,451,95,279,10,8,95,17,20,491,63,48,223,32,89,17,31,30,391,38,312,39,33,47,191,18,53,166,52,6,153,108,32
55,479,67,98,98,447,4,65,49,193,316,151,55,68,363,19,86,71,2,115,5,63,29
42,23,307,19,91,40,57,76,499,298,12,83,275,86,19,46,284,16,10,94,51,36,11,64,48,60,120,50,413,13,30,60,2,96,62
58,55,100,47,21,145,129,111,96,48,59,20,91,18,9,17,23,98,248,98,7,20,63,23,88,26,57
7,301,266,112,35,28,15,293,327,87,8,6,66,367,145,70,385,60,61,84,13,65,33,5,46,22,21,70,77,78,23,76,78,62,49,30,473,57,70,2,14,20,95,238
63,69,186,94,91,56,32,390,477,16,85
56,66,114,290,71,288,97,42,29,33,98,27,2,11,51,56,39,8,291,22,11,80,94,60,16,73,235,90,91,37,89,74,97,362,51,37,299,51,2,28,472,96,95,75,32,46,195,95
26,480,98,9,33,56,21,21,433,455,83,147,71,373,55,82,355,21
217,15,44,98,78,9,472,457,73,92,98,35,438,438,9,399,11,19,100,65,9,76,348,87,31,42,77,157,41,263,491,53,80,71,31,189,55
15,195,22,33,5,329,226,58,59,6,99,57,72,36,223,88,41,48,142,91,11,59,69,187,100,74,32,39,60,94,56,412,69,26,45,86,96,76,14,498,79,14,52,47,84,479,151,76,8,87
14,29,119,39,344,57,46,189,84,56,63,77,460,44,6,320,39,99,39,26,25,70,80,43,25,96
66,20,80,76,18,99,77,274,101
6
49,65,438,15,54,38,351,4,265,58
412,63,83,97,23,336,192,33,21,172,9,95,75,7,26,92,38,1,45,475,68,88,368,44,101,427,191,59,199,41,26,72,30,59,43,183,68,477,319,480,41,58,61,59,72,398,323,45
18,97,40,8,20,58,63,72,71,71,64,36,83,89,18,316,73,78,59,369,38,62,425,36,24,69,11,16,27,100,4
69,85,12,66,26,41,96
80,18,54,49,41,63,46,78,12,97,54,79,412,160,47,28,18
20,30,97,84,41,306,70,25,86,49,17
92,16,71,73,182,52,40,1,67,76,15,55,40,4,93,9,8,5,131,93,66,149,75,91,53,9,43,46,48,34,89,90,151,92
101,12,46,54,87,193,92,426,32
30,62,17,26,176,85,96,89,2,88,59,26,108,67,55,10,399,8,190,43,14,290,71,29,65,438,238,3,43,178,70,1,12,81,45,6,100,78,9,43,84
41,276,70,47,42,495,329,47,26,136,79,41,84,28,16,56,34,24,245,65,39
63,62,70,24,38,59,243,24,24,91,36,93,92,51,72,60,94,82,26,338,1,68,17,27,58,2,95,424,83,26,3,98,33,324,11,437,62,71,332,431,24,29,11,23,89,67,91,2,3,35
26,48,416,318,98,44,367,244,43,276,71,100,41,462,66,2,3,99,40,37,91,78,83,33,62,3,348,20,473,53,464,12,29,84,93,28,26,323,44,72,26,70,45,63,61
13,48,81,1,16,75,97,53,61,78,29,23,21,40,28,57,444,67,74,31,9,56,76,22,194,33,188,79,35,72,25,51,396,1,43,418,20,70,18,354,396,87,25,451,31,17,23,25,51
89,129,84,18,46,110,61,20,52,7,83,460,91,69,14,85,486,18,210,19,59,7,48,45,15,22,46
8,5,48,8,405,63,9,96,340,291,61,89,8,68,33,76,99,213,94,40,52,96,22,60,81,178,94,98,28,4,83,11,236,98,25,36,95,86,489,322
42,131,422,13,75,20,26,71,92
48,474,89,90,475,297,49,370
218,47
52,59,76,16,63,240,40,15,343,76,320,16,58,78,98,52,51,34,197,78,7,73,31,69,80,65,2,76,90,3,88,14,77,83,95,27,10,46,35,24,17,92,97,243,56,166,95,292,98,76
64,103,52,23,219,7,23,13,19,36,314,33,161,16,81,47,65,269,52,19,30,23,378,47,237,41,28,66,52,24,88,23,57,51,26,80,60
164,16,94,66,55,61,80,477,67,260,96,283,96,89,198,242,6,19,86,247,27,470
473,73,10,72
20,45,490,61,439,77,78,56,97,58,10,56,50,73,57,75,47,97,267,273,31,39,8,33
181,30,62
74,40,2,92,3,148,95,453,40,48,50,91,60,27,75,28,80,92,43,68,79,31,374,83,16,241,357,43,23,306,340,45,73,77,59,32,14,458,84,46,42,89,24,3,18,85,82
494,283,447,72,16,34,214,416,357,9,66,387,11,67,62,301,83,395,168,99,2,23,101,25,51,28,2,10,465,115,384,85,45,147,52,86
355,98,3,79,85,32,39,38,153,22,158,331,383,75,90,51,220,25,30,440,88,24,79,147,12,64,66,40
442
53,24,50,64,54,87,12,36,86,40,2,79,9,286,52,26,45,85,30,23,87,22,64,47,4,12,68,226,70,84,74,65,42,11,51,44,280,77,60,13,74,76,35,28,298,92,44
80,97
39,77,23,23,54,94,301,13,129,356,26,243,88,47,26,90,58,361,429,39,4,68,80,348,82,80
34,152,91,65,37,54,26,141,53,73,43,8,72,46,27,28,363,65,15,82,24,46,34,88,19,39,476,92,20,6,56,66,68,26,23,3,259,74,71,45,468,86,45,494,59,46,80
77,398,42,97,98,82,62,263,300,1,98,10,24,59,69,48,46,64,7,78,60,5
1,57,28,5,10,184,9,55,426,16,26,45,50,93,54,41,65,92,76,8,417,494,42,24,38,38,266,87,45,9,37
47,92,22,345,72,5,86,28,3,292,69,396,1,438,46,215,12,81,242,48,366,17,348,188,56,10,85,393,150,82,27,8,96,32,7,42,66,3,299,133,9,43,76,16,27,11,30,73
4,58,55,72,88,460,75,8,87,6,41,214,157,57,31,58,345,65,71,17,19,14,41,11,31,159,62,44,216,95,3,167,66,76,30,135,52,63,83,29,281
32,77,62,42,478,49,32,87,147,417,60,1,333,72,301,224,77,88,118,165,31,86,46,295,56,54,74,81,31,65,14,24,95,92,393,93,31,24,301,100,334
89,68,12,90,61,1,15,52,29,51,126,70,79,37,53,24,137,36,186,350,75
367,78,81,60,20,88,56,30,32,9,77,85,168,22,68,3,173,89,93,13,466,53,34,36,36,11,12,41,128,47,345,67,421,31,73,77,97,90,92,45,88,454,90,85,341,286
490,33,93,60,66
59,20,85,81,25,63,124,69,23,65,44,56,47,394,76,250,190,73,431,178,100,23,21,60,482,79,9,79,10,42,39,34,92,123,3,207,155,50,86,78,34,30,259,60,76,29
91,70,35,7,85,181,358,437,5,21,288,99,95,19,63,82,332,37,35,91,452,25,44,79,82,29,75,83,66
33,149,96,46,76,78,90,325,340,79,78,83,29,45,67,120,90,137,92,4
47,208,365,28,239,54,29,70,61,31,60,47,42,34,27,1,9,5,16,467,65,24,392,81
11,84,42,3,42,99,34,16,46,28,36,31,36,266,135,39,393,75,96,4,77,27,24,62,45,53,198,302,237,11,63,50,38
59,233,45,251,86,37,22,66,27,82,73,69,14,80,79,64,86,70,30,7,32,89,84,28,82,457,45,131,71,295,26,38,90,473,47,303
99,165,252,24,100,54,50,49,35,93,54,65,25,39,55,83,17,20,19,113,235,2,90,76,27,29,24,15,49
48,416,25,90,99,2,73,28,48
67,25,4,34,44,66,434,262,23,61,42,39,42,33,39,159,70,14,266,22,88,22,55,4,78,81,28,8,36,64,47,248,411,2,25,83,45,90,91,96,33,95,37,60,207,72,1
91,44,62,38,81,62,69,64,27,75,76,76,23,7,28,45,67,21,54
90,2,2,85,5,82,2,92,65,82,44,30,1,228,91,61,97,83,98,53,35,86
45,345,86,44,420,90,26,62,108,38,4,32,60,82,467,94,15,62,177,55,49,39,332,87,258,54,306,254,5,57,269,451,424,58,35,96,70,72,64,1,83,37,21,59,261,306,425,19,91
48,77,5,86,42,100,48,59,423,58,32,91,40,19,31,67,76,474,81,448,31,31,46,11,53,20,91,2,74,76,295,56
326,83,46,77,358,99,72,28,5,406,73,37,61,81,17,90,11,76,39,47,70,41,69,11,351,70,39,78,56,38,97,92,487,6
68,68,22,14,54,5,83,55,85,258,29,9,50,11,369,16,93
