3,3,3,29,25
2,30,1,5,4,6,17,3,4,5,4,21,1,4,10,11
6,5,1,29,6,5,2,3
4,2,8,4,11,2,4,1,2,3,1,5,2,17,6,6,5
3,3,30,3,3,4,29,6,5,4,6,4,2,18,4,20
4,1,1,2,1,1,5,2
5,6,1,1,5,2,6,8,6,5,28,1,26,3,6,4,1,1,4,3
18,5,2,6,5,1,5,18
2,3,6
4,6,20,1,9,2,1,4
5,6
6,5,5,3,1,3,6,7,2,4,6,28,26,28,4,29,4,8
4,4,4,6,4,2,2,4,4,6,5,1,2,6,3,3,6,5,2
6,5,2,6,4,5,5,4,6,6,4,25,6,2,30,6,5
29,6,3,24,3,4,2,6,2,3,7,4,3,4,5
28,24,1,4,3,27,6,2
3,12,1,5,5,1,4,2,3,4,3,1,16,6
20,7,3,3,5,2,3,2,30,4
4,27,6,5
1,5,5,5,5,6,1,1,2,1,2,5,6,2,30,14,16
2,4,5,3,2,4,4,6
27,11,21,3,1,29
4,6
6,2,6,1,3,14,11,3,25,23,4,5
4
4,24,6
3,6,5
2,5
