4,1,40,286
30,31,155,169,7,7,55,2,56,58,57,33,23,35,275,37,42,51,12,12,8,241,52,32,36,37,29,53,245,30,28,54,33,48,18,54,42,11,21,31
7,25,56,289
21,231,4,18,168,33,24,124,3,36,21,13,10,51,299,16,24,9,1,45,52,59,6,23,15,50,12,44,54,32,29,23,190,44,4,27,19
50,159,12,44,27,1,137,20,3,41,11,18,58,37,58,63,41,43,27,17,20,41,12,38,51,11,33,52,58,217,6,1,42,50,49,38,42,34,18,178,33,60,25,19,270,24,34
110,13,41,51,32,9,27,18,44,28,18,5,58,20,41,48,13,72,43,39,21,246,154,147,10,41,20,51,207,11,53,34,40,5,51,156,107,24,22,5,32,57
58,33,51,23,2,14,52,12,23,53,2,28,10,2,8,23,8,138,26,29,40,300,270,127,27,47,34,156
84,9,46,38,58,55,16,42,43,27,215
58,24,42,242,24,32,26,21,26,123,35,24,291,101,26,59,44,49,38,159,22,30,285,13,43,10,267,213,24,262,24,12,20,159,59,34,4
43,42,258,51,177,297,31,5
2,39,58,60,33,46,279,6,6,109,7,79,54,8,4,49,247,55,295,3,35,28,39,39,31,14,16,28,24,36,24,84
11,8,59,89,46,35,25,160,19,3,15,3,287,13,215,21,97,2,29,45,54,3,188,115,50,45,10,17,24,15
22,49,28,44,12,44,33,5,54,52,4,14,9,58,20,14,115,105,43,17,51,59,21,56,5,262,47,44,40,60,43,205,13
20,21,59,47,26,27,33,34,60,31,25,46,60,39,40,60,54,14,289,95,25,37,60,49,209,33,34,36,54,22,27,21,51,20,12,55,232,26,215,10,35,46,40,50,8,17,43,117
17,19,4,13,58,46,3,6,33,11,31,134,38,1,57,27,21,145,205,30,49,50,27,1,149,20,5,23,32,253,11,58,28,41,204,25,73,15,14,4,49,9,25,24,92,34,23,195,36
18,76,30,187,26,256,6,26,8,53,78,155,44,33,13,4,33,16,9,56,7,1,7,8,51,28,189,287,189,1
7,17,104,270,41,34,59,220,20,25,26
50,119,236,45,7,243,44,50,35,40,52,19,4,37,47,134,4,72,22,18,154,283,29,26,18,146,216,44,123,39,14,17,59,35,51,28,201,34,45
166,45,45,25,11,104,3,48,1,28,5,31,18,22,60,45,8,52,242,129,9,40,28,157,42,203,44,38,12,10,42,111,4,46,284,280,39,5,12,54,98,49,18,57
18,32,41,51,296,46,18,208,233,289,26,33,49,48,21,118,33,52,16,55
51,36,100,279,6,43,246,21,172,123,10,259,24,36,59,14,46,60,34,23,106,49,8,24,16,3,129,59,87,5,49,62,35,5,54,54,5,4,21,49,28,7,4,7
5
42,9,291,45,43,23,33,12,60,14,60,48,40,38,269,37,141,27,59,39,40,158,33,199,19,48,30,28,31,25,133,8,35,3,270,258,10,1,42,43,35,8
72,26,26,117,13,35,10,4,2,3,54,23,17,8,37,27,37
20,81,145,33
38,19,3,12,53,55,154,40,10,37
60,104,54,52,18,181,58,38,34,10,27,18,47,57,21,92,1,12,120,286,28,54,48,26,48,115,43,60,298,20,55,159,47,53,25,19,28,30,49,43,52,18,110,18,55,31,284,9,50,3
47,53,6,32,55,12,122,30,49,28,25,223,41,216,35,151,245,48,26,45,40,17,17,8,114,3,12,266,24,36,9
276,19,6,42,34,5,56,36,211,240,49,47,111,258,48,20,283,45,38,156,2,35,204,48,21,184,27,105,88,29,7,12,129,42,184,25,55,29,52,20,6,9,17
21,40,20,22,55,44,16,28,119,21,290,126,48,56
174,24,29,7,27,37,243,34,14,52,7,4
47,54
7,7,35,16,43,8,15,35,275,9,73,58,41
21,49,37,27,46,36,48,117,46,52,35,59,9,34,40,271,202,32,234,295,8,33,31,225,19
48,18,85,57,264,50,27,44,11,55,42,2,50,42,300,3,21,49,17,3,14,40,254,34,73,54,33,26,4,299,39,15,100,52,37,119,34,274,6,3,36,207,132,32
157,107,144,27,29,34,11,284,174,10,55,260,52,23,20,60,51,217,28,28,204,48,57,19,69,48,32,28,40,51,18,116,45,41,3,44,5,97,53,50,214,52,40,4,59,59,135
47,35,22,37,8,21,285,21,14,37,37,225,21,48,85,4,1,27,60
57,17,27,33,137,51,44,31,297,204,16,5,77,48,187,60
60,13,9,176,3,86,274,54,218,41
16,31,35,21,28,128,12,195,21,2,8,41,33,13,41,36,168,35,230,56,3,22,136,8,21,11,6,22,32,146,41,60,22,56,54,57,20,17,157,51,24,47,8,157,249,50,2,22,186
43,18,10,27,56,249,41
48,57,9,11,42,47,3,68,177
27,292,41,42,35,14
5,22,23,34,44,135,36,15,14,46,36,26,32,27,10,37,25,40,31,22,9,241,11,6,166,121,21,5,30,46,12,16,20,50,189,22,39
42,267,34,86,43,53,203,7,41,31,82,136,39,28,293,12,14,5,56,16,6,41,13,232,89,37,23,34,11,34,72,3,17,121,32,45,276,292,39,179,5,10,2,78,49,19,8,70
9,165,21,24,45,110,9,167,59,216,44,6
1,12,59
5,52,15,30,33,17,41,6,49,49,25,116,13,228,32,21,10,14,60,286,50,26,32,8,40,52,4,4,70,24,34,30,211,51
43,40,49,7,12,17,55,34,16,43,14,29,19,112,7,18,275,277,50,3,57,54,17,48,152,54,26,49,42,2,292,171,163,43,41,21,14,17,5
41,56,247,38,38,46,18,36,9,57,10,32,287,172,186,146,60,12,18,47,2,84,1,210
46,47,38,59,6,34,12,53,47,202,2,46,2,4,28,209,54,13,22,60,48,49,80,41,159,39,52,208,203,6,268,40,291,28,15,22,20,40,68,146,197,14,31,12,57,81,28,5,46,36
1,122,2,27,56,44,48,45,48,28,25,42,6,5,38,24,281,10,32,29,3,20,36,189,2,76
79,2,48,41,36,197,55,12,23,68,40,50,223,58,1,50,43,126,4,42,58,31,57,23,59,26,33,54,35,36
14,28,23,24,3,29,48,152,43,54,44,41,240,236,256,16,139,7,283,51,46,43,1,34,298,45,59,4,191,56,59,17,56,8,89,68,53,42,3,55,35,87
179,15,80,58,256,268,13,67,15,3,162,257,19,291,28,20,41,50,29,51,21,99,40,24,48,55,269,15,269,16,24,123,5,194,54,94,41,14,45,39,57,2
32,20,184,56,107,29,32,28,132,43,38,42,47,155,24,63,29,47,56,237,32,246,37,155,41,299,43,53,22,51,19,18,279,21,60,13,46,60
12,8,49,30,217,18,43,45,130,37,34,13,30,46,2,7,11,11,20,31,45,266,29,33,147,26,58,10,198,251,64,148,30,56,54,39,57,23,33,57,5,47,46,228,36,38,289
45,8,57,41,3,31,52,197,100,12,12
11,85,46,5,38,21,30,158,46,47,265,2,289,21,35,256,31,36,45,7,281,34,55,28,112,37,24,37,58,22
270,59,32,5,55,21,34,26,272,10,19,23,29,37,26,4,36,12,37,19,41,36,172,52,14,50,145,14,58,24,40,27,32,4,52,56,42,17,8,36
218,8,26,50,23,246,175,55,138,33,32,51,59,200
55,58,50,36,41,222,140,42,17,41,25,30,55,35,189,50,52,14,55,55,37,33,36,44,216,24,32,285,27,14,30,42,260,46,95,51,36,5,176,154,92
220,51,52,54,279,26,208,26,35,198,19,197,23,168,57,1,132,248,256,48,56,54,287,26,31,40,14,15,58,115,42,23,35,6,58,256,34
20,41,50,44,7,5,14,238,58,9,16,21,153,54,20,93,6,11,6,122,28,31,41,48,26,4,218,3,46,22,287,48,31,110,16,23,124,7,52,21,218,48,19,24,35
9,25,135,42,26,28,18,56,56,243,119,34,31,57,41,26
31,7,60,31,40,34,136,39,52,29,96,57,9,25,96,45
41,45,14,45,12,29,7,28,10,143,59,20,51,51,142,11,38,48,213,32,51,60,34,118,56,38,43,25,54
1,13
167,10,32,23,42,39,2,33,11,56,8,59,43,111,11,28,204,32,4,39,86,185,58,21,7,151,58,3,58,45,138,38,46,218,47,10,20,129,28,34,37,4,51,36,51,28
48,23,158,208,52,16,213,23,35,52,69,25
29,3,57,15,124,33,56,13,94,3,48,19,197,9,27,19,128,18,46,10,184,21,50,47,269,46,31,52,52,214,176,21,115,41,53,97,121,55,18,10
8,4,268,18,26,12,18,9,59
37,14,177,18,168,24,13,19,22,221,51,5,45,2,29,58,21,178,17,7,54,12,2,53,50,41,13,29,53,26,42,55,58,28,40,29,20,6,105,3,138,10,217,15,10,35,21,29
9,1,25,32,26,250,215,227,10,37,20,19,79,165,17,22,15,58,274,50,252,10,34,3,59,53,47,31,181,41,27,47,32,5,23,5,6
34,59
13,220,289,45,277,26,9,23,20,294,26,51,57,42,37,48,31,52,44,112,3,11,44,27,35,50,30,51,22,51,16,6,37,31
18,19,8,20,1,26,48,17,104,11,50,155,25,37,120,18,13,19,110,7,19,22,31,20,19,7,11,56,126,54
45,8,138,29,57,51,38,49,190,39,12,285,23,57,26,11,31,220,40,53,12,279,165,60,268,50,37,261,231,54,5,42,17,4,16,21
197,31,224,32,275,54,60,50,37,15,26,35,57,36,19,38,26,279,27,89,26,27,6,210
39,19,19,179,16,38,45,19,32,1,51,26,4,264,13,20,48,60,38,220,104,2
56,267,5,281,29,21,51,281,59,22,27,17,14,8,19,27,34,47,52,15,48,158,55,22,29,54,48,37,36,55,239,48,51,19,10,226,42,56,49,44,36
16,55,58,29,24,157,71,35,3,35,44,14,147,53,9,32,55,49,36,34,299,23,46,207,9,31,32,14,49,20,214,40,8,30,228,22,11,44,245,83,27,49,58,30,212,37,49,34,15
5,116,7,37,44,22,26,108,39,19,34,25,34,149,59,14,128,8,54,51,40,45,30,14,39,35,180,236,211,40,1,12,64,197
33,34,238,55,36,27,114,127,14,52,46,10,14
35,52,15,14,36,194,55,36,218,27,249,57,18,10,24,15,274,58,30,5,27,27,39,11,41,23,27,18,34,52,12,41,19,6,6,12,44,11,20,3
19,15,55,4,148,215,224,266,2,191,43,17,18,30,8,50,2,5,41,21,48,133,29,36,6,34,50,55,29,98,139,51,35,11,59,58,17,33,23,55,4,56,12,50
207,6,16,48,29,169,50,6,57,48,54,40,177
20,71,28,58,37,35,7,31,46,14,290,33,40,3,39,24,10,20,54,60,3,1,133,20,10,34,47,41,42,26,117,50,177
32,9,10,53,43,28,6,40,47,34,51,48,75,43,56,13,119,232,52,13,151,42,52,172,29,12,180,46,47
30,17,57,26,53,42,58,44,59,73,16,110,13,218,54,19,46,15,220,290,26,10,186,28,45,230,270,22,8,45,202,48,60,27,255,12,46,19,13,46,16,6,44,34,60,7,59
9,28,49,28,82,33,19,14,43,275,21,75,89,45,20,20,45,207,286,176,187,56,61,62,57,21
18,7,52,42
34,49,71,28,55,58,35,23,60,38,37,18,14,8,33,47,40,56,56,34,5,31,26,46,15,21,9,190,30,119
29,52,28,14,32,3,29,57,49,6,3,24,162,16,57,129,36,2,1,24,17,27,38,27,82,28,28
186,39,250,60,20
14,24,28,27,253,59,35,55,59,221,46,57,27,52,180,166,242,35,45,51
50,34,171,74,54,33,4,39,9,40,261,229,217,23,48,28,16,236,35,180,68,7
52,66,41,56,55,3,45,37,202,9,35,14,243,2,5,6,46,36,40,27,42,18,37,12,270,223
189,41,40,288,138,39,53,43,73,35,13,39,52,43,3,17,207,7,98
56,214,19,53,33,2,36,245,18,181,11,21,60,147,22,30,236,51,5,3,1,31,18,36,20,224,53,43,254
102,56,60,1,21,60,84,53,27,47,48,5,186,272,125,23,36,285,12,11,5,42,18,286,56,181,26,19,41,5,116,271,37,4,44,53,37,40,49,44,35,57,5,31
18,59,55,25,11,37,41,234,215,13,20,8,31,42,15,12,15,13,40,53,37,48,5,14,42,290,2,39,259,49,45,12,50,58,84,52,41,27,55,41,178,60,27,34,3,26,6
211,53,33,267,36,53,18,34,15,15,54,24,94,14,53,17
29,2,4,11,24,34,60,27,35,43,10,28,38,40,14,75,86,2,60,59
42,184,11,15,14,3,18,28,28,12,34,29,29,10,57,52,10,110
59,59,27,7,26,15
46,42,36,15,12,58,264,136,251,163,12,28,4,23,28,1,29,51,16,40,58,58,8,44,204,49,51,32,51,212
20,3,43,60,27,232,9,260,27,29,46,8,3
9,45,28,37,14,71,83,34,25,49,58,53
8,276,1,27,196,59,16,41,28,59,53,53,273,7,52,58,63,53,23,33,229,21,43,50,159,14,37
60,30,42,32,51,240,31,12,153,9,27,39,25,33,18,37,53,109,31,55,182,95,88,29,31,259,52,6,4,8,40,40,18,54,1,14,213,3,4,22
48,101,31,20,32,23,120,233,34,11,47,9,35,45,38,9,4,20,48,42,49,8,5,39,152,8,22,11,10,251,27,10,22,21,59,15,38,34,12,56,28,16,1
46,40,19,25,268,53,43,31,29,12,60
170,20,8,49,19,49,60,15,51,91,52,49,57,17,189,25,12,57,15,6,53,20,42,22,30,43,41,17
20,56,167,43,55,190,16,13,17,13,56,10,117,10,60,59,50,29,6,34,46,54,51,6,69,7,58,26,9,44,33,54,51,48,12,8,288
29,50,49,35,43,49,68,40,52,41,14,19,44,30,6,201,21
122,49,96,257,31,51,58,59,38,7,41,36,222,54,46,8,197,59,39,219,60,269,10,58,50,49,35,22,272,274,57,3,51,245,55,80,53,110,42,8,34,23,48
25,59,143,41,25,31
32,12,17,10,188,19
64,33,45,42,31,11,131,189,57,141,15,130,19,29,58
31,33,10,41,57,38,17,28,37,1
30,134,55,57,158,47,9,56,57,37,23,17,2,16,44,4,42,52,234,5,1,53,41,281,11,126,56,6,293,21,26,12,53,51,32,52,4,26,22,18
18,88,22,33,250,8,88,47,9,29,60,139,7,15,2,9,60,57,15,54,97,44,137,50,12,41,6,19,15,19,49,17,239,20,33,44,11,46,59,18
26,7,38,10,115,27,182,3,137,15,28,16,23,36,37,60,5,8,29,20,20,65,244,2,8,210,36,21,5,15,45,34,57,39,60,121,10,45,42,24,23,30,22,8,49
281,222,56,15,99,20,91,32,214,45,40,5,32,44,276,16,36,262,27,57,7,18,42,46,23,10,10,2,54,187,37
7,37,41,1,55,19,40,3,241,26,56,37,46,31,36,18,14,42,40,57,241,28,43,11,37,33,47,59,278,22,58,210,21,11,25,49,18,14
47
49,29,69,181,6,11,3,15,32,51,19,38,289,36,38,29,10,101,32,101,50,53,56,54,51,10,31,62,153,33,205,49,54,19,18,1,8,38,16,7,47,46,36,49,24,167
35,55,29,24,20,28,20,52,38,58,15,26,60,68,72,156,31,95,27,60,54,30,40,16,29,44,58,33,1,17,34,42,29,35
40,69
57,5,44,269,37,28,21,36,13,5,12,16,234,32,41,43,55,44,18,163,12,35,200,58,13,32,131,36,23,7,16,5,44,12,20,6,49,15,47,14,22
16,55,59,17,3,39,26,57,27,36,1,49,130,60,252,11,144,33,46,9,15,3,28,34,14,5,89,142,48,54,42,66,51,45,15,23,38,60,59,5
