5,39,11,68,7,6,10,2,17,8,3,6,13
1
40
3,17,6,20,20,15,18,7,10,8,11,8,8,19,62,4,11,18,1,16
11
85,7,19,16,4,3,8,1
24,10,18
11,63,17,81,14,11,55,16,79
12,65,19,56,14,5,71,85,12,13
3,12,15,18,9,12,10,19,7,48,7,7,6
1,16,28,9,10,17,5,17,35
19,54,24,1,1,8,17,20,10,19,8,7,5,19,6,97
11,11,14,4,20,11
59,6,13,5,16,2,18,3,98
10,2,24,19,8,2
5,3,15,15,14,3,11,12,6,8,2,4
20,13,18,28,16,5,6,21,11,11,9,6,14
20,9,18,100,19,20,4,41,89,6,19,18,84,70,17,6,1,18,20
14,30,8,20,14,14,1,18,62,4
2,28,19,12,4,14,4,10,5,12,7,61,3,8
3,5,7,15,28,56,50,9,6,17,10,29,55,2,20,5,67
9,14,30,18,84,8,10,18,6,17
4,8,14,13,19,53,9
12,12,4,15,2,14,1,64,13,91,91,3,17,16
98,18,13,12
6,4,19,1,11,20,19,5,3,10,7,18,16,5,8,16,2,8,7,5
67,12,16,17,18,3,1,45,3,11,87,81,12,16
18,8,30,15,85,1,5,17,91,65,57,18,18,15,7,62
54,34,1,6,8,15,13,81,70,1,17,13,3,4,10,23,1,20,17
1,53,9,17,15,2,14,69,15,2,16,19,18,12,3,7,35,41,1
12,5,6,8,57,12,1,6,2,15,1,7,3,3,5,4,4,13
12,8,84,17,11,6,18,2,19
16,9,19,82,4,12,8,8,13,18,9,14,54,19,87
19,3,7,71,73,99,12,11,2,21,16,12,54,18,52
15,14,2,1,32,5,2,95,84,30,10,4,17,19,1
11,68,56,12,12,15,4,5,34,73,17,28,14,7,17,24,10,67,6
4,17,9,10,1,4,22,20,88,19,8,81,7,19,12,34,19,10
11,20,8,33,8,10,15,4
7,16,15,2,13,15,86,3,8
87,65,13,19,19,20,3,20,2,7,12,15,7,19,16
38,2,10
5,1,17,10,8,29,10,5,65,13,19,12,12,16,46,6,5,17
9,6,10,12,8,18,11,80
15,10,3,10,2,8,9,13,45,14,17,82,9,30,16,39,9,20,9
3,12,16,10,2,6,5,10,5,4,13,16,13,17,18,16,19
11,3,3,12,3,87,12,19,15,89,4,59,3,19,1,9
11,3,68,7,4,7,5,12,19,12,13
17,7,2,17,65,14,44,52,20,6,11,11,5,11,11,10,7
12,74,4,5,20,16,15,19,4,16,13,40,39,20
24,10,19,17,7,16,1,11,19,47
9,12,8,72,30,20,71,19,10,5,51,17,15,8,16,16,1,8
8
4,17,20,9,64,12,98,33,16,1,7,5,8
11
5,16,2,2,20,13,8,4,11
36,10,73,77,7,3,1,20,17,3,15,19,3
19,3,10,2,3,79,5,16,16,18,23,10,3,8
1,42,11,15,4,13,47,17,3
13,47,6,3,43,20
15,39,4,19,14,11,7,16,14,83,15,1,20,10
1,7,6,1
17,12,80,81,15,7,7,10,8,15,5,16,12,12,17,16
7,86,41,12,61,20,16,91,20,1,12,17,4,43
18,20,69,93,18
6,14,55,1,12,4,7,64,8,5,12,18,64,87,9,66,15,18,5
5,17,56,1,72,9,13,12,12,20,10,12,37,2,14
7,28,65,36,9,24,50,5,2,46,18,46,9,9,1,10,7,16,76
9,8,9
