13,45,6,3,1,4,16,34,16
43,8,13,3,17,2,20,6,31,18,16,11,8,59,4,3,19,16,2,1,9,54,18,39,16,4,2,14,3,1,99,78,15,2,2,20,43,8,15,13,77,11,15,13,10,65,6,12,19
12,16,12,13,11,1,2,1,8,6,11,17,14,65,11,5,6,59,13,27,11,3,19,11,40,16,17,47,15,79,12,81,4
8,1,13,11,20,92,6,16,10,16,17,10,26,2,10,5,16,20,14,1,4,80,2,89,3,85,6,12,7,9,6,14,16,20,2,19,16,4
9,15,11,73,40,8,38,99,19,1,7,11,18,2,19,20,12,63,29,81,7,8,88,7,5,20,15,19,98,1,16,17,9,7,24,14,15,95,20,13,4,70,10,49
11,14,9,13,12,9,2,17,40,1,2,7,38,10
17,13,16,19,27,20,2,88,11
17,18,3,3,80,4,14,3,22,20,8,6,9,1,2,86,3,15,78,1,28,7,5,8,9,4,5,16,17,19,16,8,15,12,11
5,74,32,13,67,15,11,5,6,15,1,13,3,4
12,2,1
12,13,5,15,44,7,61,16,19,4,7,47,7,20,9,17,64,11,18,3,16,8,5,63,18,16,9,13,11
7,14,1,5,8,6,11,20,87,17,8,8,7
7,98,26,72,97,12,59,53,69,3,16,2,4,36,1,10,5,12,6,5,2,11,6,5,40,18,9,1
52,14,14,55,14,20,11,16,17,1,1,5,20,10,5,2,19,14,20,17,13,9,9,16,5,7,82,45,63,18,59,10,82,10,18
12,9,11,16,97,6,1,8,2,14,6,17,66
8,19,14,4,5,51,98,3,13,88,11,3,41,17,57,6,9,6,4,20,14,11,67,10,18,11,95,36,2,1,7,7
96,11,5,18,1
1,1,4,3,19,79,43,17,17,11,1,25,11,2,5,11,9,1,2,12,76,2,6,4,9,79,15,17,8,7,3,14,20,85,20
14,9,82,55,18,8,8,1,13
13
12,2,12,4,18,5,20,89,63,83,10,12,3,8,9,4,20,9,12,2
10,9,12,15,2,5,34,18,57,15,61,2,7,10,18,22,35,5,1,14,8,32,18,17,51,19,19,4,6,65,3,24,17
11,7,4,18,40,15,15,84,20,5,7,6,12
81,61,8,14,3,19,87,3,1,8,2,38,63,14,93,10,14,4,7,90,32,13,33,7,3,3,6,16,9,15,5,9,5,87,37,12,15,19,69,17,10,24,37,69,12,7,7
11,17,6,8,70,93,14,12,2,52,7,84,23,20,9,19
13,10,7,4,32,5,10,12
12,6,10,17
5,28,48,51,5,20,3,5,5,1,2,5,10,12,6,85,50,3,16,29,17,8,16,10,11,19,1,13,58,15,20,9,10,61,1,72,8,76,87,46,1,19,10,32,17
6,1,10,5,17,11,11,3,13,8,5,14,47,20,12,13,3,6,17,20,14,9,18,99,14,79,8,16,8,10,9,13,5,71,12,4,7,19
21,17
44,95,20,8,58
11,18,16,9,35,78,17,17,50,15,7,11,15,3,9,14,3,4,42,5,2,9,63,1,75,3,2,10,9,6,9,2,94,56,4,10,16,20,10,71,48,8,64
11,5,5,67,16,46,6,18,5,18,7,17,10,11,6
92,73,41,6,8,7,9,1,7,17,16,4,80,2,14,49,17,8,1,16,94,19,3,69,5,19,45,3,93,18,10,30,21
77,8,6,14,5,8,8,6,6,6,80,12,100,14,11,7,9,2,4,95,18,18,16,10,17,4,13,18,34,15,13,13,16,16,9,91,44,19,14,14,2,16,63,1,14,10,9,14,20,7
19,9,19,77,16,6,48,3,77,35,8,91,16,48,2,5,7,18,10,92,1,20,57
6
11,12,26,8,7,41,82,6,13,20,17,47,13,26,20,7,4,83,63,11,8,9,10,1,5,84,14,20,1,4,11,17,8,17,15,4,19
14,14,17,15,12,16,6,6,13,8,7,6,13,59,14,10,6,19,16,5,85,1,1,14,17,8,18,13,11,13,2,6,2,8,12
17,17,18,20,20,46,19,16,15,7,6,86
48,12,80,23,20,67,15,5,19
4,15,19,15,15,13,3,9,1,4,19,4,74,29,7,6,17,20,14,2,19,15,50,2,34,17,10,1,13,15,4,10,19,19,12,23,20,18,1,17,6,4,8,16,86,14,13,60
8,23
5,86,4,17,15,4,7,19,4,15,9,6,68,19,16,7,12,16,14,86,11,15,20,53,15,2,51,6,13,4,49,11,19,8,7,61,1,86,11,15,20,9,7,1,13,11
64,55,64,19,5,8,12,4,17,5,8,18,4,19,18,17,9,18,16,11,15,20,2,94,5,7,13,9,73,8,7,47,6,3,11,4
7,15,10,11,6,17,11,20,9,9,10,14,94,11,25,65,16,12,4,16,3,3,35,3,14,15,14,2,9,76
20,14,68,4,9,15,1,19,15,2,7,50,40,58,14,13,84,14,10,9,6,77
2,6,21,25,3,3,99,8
3,14,4,82,90,17,17,13,34,2,19,7,13,5,6,15
62,90,10,11,11,11,13,89,100,13,87,14
3,7,83,14,45,63,1,16,15,5,15,16,1,12,16,7,6,16,7,49,77,19,7,11,2,8,6,11,1,20,1,15,17,2
19,14,12,40,40,15,4,4,3,7,15,15,20,11,97,9,9,16,20,11,1,20,3,30,97,17,86,17,7,14,17,10,9,12,5,14
7,74,2,39,19,6
15,12,4,16,4,15,7,60,11,1,78,1,19,6,3,12,10,1,13,15,13,4,7,3,32,72,4,7,10,12,11,18,14,19,17,18,15,18,17,17,1,10,8,10,98,34,15
24,20,3,74,16,6,17,13,9
13,44,16,10,1,33,20,5,11,19,9,2,18,2,20,17,49,30,10,72,15,16,8,70,19,61,14,55,7,4,5,17,6,11,13,11
3,1
19,13,15,18,73,16,11,8,10,13,17
13,2,15,12,3,6,80,8,9,13,2,1,9,13,2,14,75,1,19,11,19
7,15,14,37,9,19,3,11,16,16,56,9,2,7,16,2,81,20,71,18,13,43,14,1,1,12,10,20,1,13,87,3,5
13,20,18,6,53,67,9,6,6,9,8,15,4,19,21,19,17,17,12,8,12,9,11
3,5,5,5,10,24
14,3,11,4,1,15,2,10,19,10,13,8,3,13,16,22,97,14,16,14,11,1,16,19,7,2,16,18,8,13,11,9,12,2,26
18,5,11,1,2,13,19,5,16,92,90,86,2,13,7,5,16,12,9,15,1
4,96,6,1,11,4,4,14,17,5,9,9,11,1,20,91,16,14,9,8,86,41,27,20,2,9,5,14
3,6,3,14,16,5,14,17,1,2,19,8,4,12,6,52,4,23,3,7,14,13,59,42,9,11,10,13,1,18,14,19,14,64,41,55,2,1,19,20,14,20
1,91,20,54,46,17,93,10,8,7,4,1,11,15,12,44,2,6,72,10,90,10,95,89,66,12,10,1,19,18,57,89,19,8,78,14,10,7,19,9,18,15,81
1,11,2,9,19,13,19,1,3,4,1,15,35,14,8,10,11,27,20,4,1,50,59,20,5,25,1,4,20,20,14,3,4,8,83,3,5,16,96,14,20,37,19,5,26,2,13,73,97
7,7,30,1,2,12,11,1,5,17,15,19,25,2,3,4,1,8,4,18,10,11,10,7,11,71,70,55,16,20,18,6,15,1,14,17,7,6,15,94,8,10,98,13,5,5,6,35,18
13,16,13,89
10,15,8,96,19,13,8,20,1,3,33,10,15,9,2,7,30,3,14,8,41,100,4,5,2,2
4,4,6,16,7,18,13,10,71,17,1,4,18,88,7,7,4,18,6,7,12,1,9,7,12,19,14,13,14,31,15,76,15,4,6,3,6
1,2,20,16,13,92,14,12,94,46,26,9,6,3,11,16,17,18,5,16,8,17,89,1,75,18,50,11,2,68,82,43,3,8,44,16,21
2,35,3,7,17,79,85,11,2,15,77,20,13,80,5
2,7,1,29,16,9,16,12,8,5,2,15,6,11,2,4,8,10,4,18,7,5,44,7,69,98,19
4,20,6,15,10,98,16,19,14,60,75,6,7,4,6,65,20,34,88,4,20,15,4,11,10,6,2,93,11,23,19,16,18,4,13,5,7,16,39
2,4,19
3,68,8,19,16,7,52,4,7,8,42,14,56,68,3,10,10,10,56,33,6,4,10,33,7,8,4,8,72,1,76,12,20,9,5,7,3
19,4,7,17,66,5,14,8,8,18,59,14,4,7,10,4,24,6,48,15,19,16,67,18,9,6,31,19
15,7,2,7,14,7,15,6,2,16,69,12,11,16,17,11,1,18,14,18,9,17,6,18,15,53,7,15
16,17,1,4,9,62,15,6,41,10,1,10,15,4,20,10,5,7,10,20,6
60,45,18,41,45,2,17,79,14,12,15,66,5,26,31,7,68,1,11,12,11,19,66,11,10,89,14,3,6,4,74,19,16,14,16,8,4,8,97,10,15,20,17,97
3,14,19,12,9,19,14,10
56,5,7,4,80,16,1,4,4,34,9,7,9,5,7,19,17,20,12,12,6,14,10,3,5,6,10,15,13
13,5,1,1,95,62,39,14,73,70,20,4,17,6,8,46,75,34,11,41,9,3,8,3,30,18,5,8,12,61,10,18,20,86,13,96,6,2,20,18,13,10,54,8,11,13,53
82,99,29,3,70,6,30,4,19,6,11,20,5,13,14,19,20,13,16,3,17,5,6,6,7,59,5,1,10,16,5,11,6,19,95,13,20,11,3,13,20,16,17,13
10,3,49,18,8,8,1,4,14,4,20,2,7,74,16,18,18,13,19
16
2,9,23,18,16,12,73,6,1,18,10,59,11,30,19,12,16,17,32,7,100
4,1,6,6,3,13,44,46,10,14,1,15,11,14,14,5
5,18,83,18,10,1,8,15,16,12,9,37,72,83,20,4,14,76,8,3,6,15,91,9,10,38,15
17,5,2,15,20,14,14,5,20,27,14,19,93,3,5,16
37,18,85,40,59,9,2,44,18,3,19,9,5,56,7,14,3,76,76,16,85,9,46,2,4,16,13,3,13,10,1,11,12,38,18,6,20,18,28,49,19,59,17,8,19,13,1,10,5
12,14,18,16,14,78,7,18,11,15,10,17,51,8,19,10,3,16,20,20,5,20,9,8,10,7,4,70,14,4,89,2,5,6,60,13,6
8,20,16,8,17,20,14,18,7,18,17,2,1,1,66,20,2,5
12,7,86,13,13,34,3,10,9,10,14,9,16,2,13,88,18,16,18,13,4,1
61,19,18,16,17,8,17,18,17,10,53,8,13,11,12,75,1,2,3,4,6,36,12,13,4,12,41
51,15,9,19,10,10,8,8,10,13,8,14,6,13,19,17,32,1,14,16,16,20,66,17,14,63,8,6,9,2
69,10,2,6,5,12,12,15,17,20,2,19,80,11,66,13,14,1,4,9,13,68,18,12,2,16,12,2,12,9,15,3,11,6,19,12,17,11,4,12,1
17,62,7,23,6,15,51,17,10,1,18
15,5,3,15
5,17,7,20,2,43,72,8,13,57,2,8,21,25,18,20,57,14,2,86,1,9,5,13,45,79,37,13,91,11,18,15,92
41,12,18,18,17,18,2,20,89,18,70,15,3,1,10,10,7,1,51,26,5,58,12,12,5,14,4,15,5,16,11
12,1,6,17,4,13,79,6,90,4,43,1,8,18,2,11,90,8,13,9,77,12,49,15,11,20,20,8,9,5,10,52
19
5,1,89,92,12,48,8,3
3,11,15,16,15,13,18,16,5
2,8,13,15,16,3,9,6,5,1,14,7,12,17,8,1,13,46,18,4,25,9,6,19,17,10,90,14,11,19,83,10,9,2,10,11,8,71,17,9,15
11,14,4,5,18,42,16,16,20,2,70,14,9,11,5,7,4,18,3,8,8,15,16,20,63,3
97,12,41,5,4,16,45,10,4,70,8,12,20,5,72,3
7,6,19,15,64,15,12,10,52,20,5,15,7,19,16,17,6,7,12,6,13,15,5,2,2,3,9,84,3
12,18,13,9,10,63,19,18,34,9,17,27,7,4,19,16,5,19,5,17,2,2,16,9,33
52,60,3,76,55,19,31,93,10,2,5,19,17,2,11,10,2,1,4,8,17,11,60,20
12,8,4,11,9,20,24,28,61,14,18,15,11,48,15,17,13,11,9,15,3,9,5,8,63,5,93,5,10,19,12,7,17,13,3,3,6,3,19,16,6,11,18,54,11,96
4,99,11,4,78,2,4,8,8,65,9,13,22,12,8,15,37,9,12,11,3,83,72,9,90,6,42,18,20,6,5,15,14,47,3
12,10,13,15,14,10,7,47,61
7,23,12,68,44,50,11,56,18,2,23,19,6,16
13,16,9,9,3,7,34,14,2,16,8,16,6,5,16,15,12,11,12,8,13,12,13,9,2,11,20,7,12,18,14,3,7,20,1,10,17,17,9,40
12,3,1,68,5,8,9,2
46
20,6,18,93,61,1,84
19,1,79,17,20,79,6,99,21,10,14,67,9,6,10,3,16,15,5,7,9,15,6,33,17,17,15,2,8,4,7
15,2,20,83,5,20,8
15,18,4,5,10,9,94,16,5,41,100,10,6,58
19,6,66,13,41,17,35,15,12,12,13
77,46,20,14,11,12,3,2,4,4,10,1,20,15,62,65,7,8,7,17,4,7,44,58,6,3,20,4,15,21,15,20,66,12,22,1,10,5,11,20,19,37,5,10,12,17,44
47,3,16,15,6,18,9,17,15,7,1,3,16,11,11,7,11,98,93,2,4,4,9,20,90,1,6,29,86,11,13,7,8,7,14,1,2,35,5,19,13,16,18,6,75,7,5,20
8,2,91,8,8,11,20,11,4,84,2,8,39,18,8,4,9,80,11,13,17,13,74
20,87,9,6,72,19,4
65,5,2,8,13,12,1,12,8,16,35,49,11,1,18,14,8,44,78,2,38,4,10,8,14,16,65,20,20,12,2,15,18,5,1,17,11,53,10,2,8,7,12,15
18,30,2,3,15,8,1,5,5,50,16,9,9,20,12,20
17,18,14,46,3,9,20,18,9,2,6,18,20,82
12,6,5,16,19,1,86,1,6,3,5,52,5,3,13,10,19,1,73,92,12,8,9,94,19,1,1,24,65,74,8,1,5,19,17,14,9,40,12,85,2,12
15,20,91,3,4,17,3,71,78,72,15,16,10,15,12,20
20,4,16,11,34,20,4,7,4,1,11,14,2,2,20
9,20,2,17,11,20,88,13,16,2,35,4,16,17,8,5,13,15,20,1,18,8,35,6,61,10,3,18,18,17,16,14,10,34,19,87,6,18,13,99,61,14,95,16,3,12
4,67,17,6,10,72,92,22,68,2,15,19
10,18,9,31,10,13,11,18,11,3,12,14,69,71,14,14,16,27,18,14,8,1,17,14,12,12,11,7,14,6,15,44,10,13,16,3,7,11,20,2
4,19,37,10,5,14,16,18,82,18,15,66,14,4,55,7,19,13,18,19,2,19,20,87,10,1,78,16,89,11
20,57,18,14,41,12,18,9,6,16,6,55,12,55,39,54,10,8,2,93,13,13,14,43,12,14,19,33,8,9,2,5
23,1,19,3,14,8,3,74,39,11,4,18,6,15,6,32,14,21,17,14,5,15,31,5,92,4,1,42,8,1,5,70
19,19,17,15,6,3,93,3,20,5,90,13,20,28,15,7,18,7,49,53,7,7,3,13,4,20,4,24,18,16,12
94,2,16,8,14,20,15,5,18,70,12,9,11,12,46,54,46,91,4,58,7,16,17,6,11,5,14,5,11,11,4,12,63,1,5,1,1,1,96,10,87,7,12
8,11,71,7,9,14,2,1,12,14,16
17,5,12,16,3,73,2,2,11,11,2,30,33,16,18,13,16,89,2,13,7,18,11,20,99,8,69,10,9,87,16,11,18,3
16,9,19,17,10,11,10,19,1,16,12
11,17,74,2,3,8,12
