82,72,64,64,63,8
1,21,20,92,31,77,64,12,91,45
7,9,19,12,61,66,22,71
96,46,36
79,54,55,6,41,90,17,48,48
81
63,52
66,2,41,27,25
10
55,37,95,24
39,11
75
74,39,33,65,49,55
72,83,31,32,100
12,96
30,53,65,76,89,4
25,52,37,64,85,63,1,49
54,51,64,27,3
88,25,50,53,92,88,39,60
38,60,56
12,41,32
45,61,97,96,72,65,41,28,88
13,49,54
40,39,43,4,51,83,26,5,50
15,98,8,52,30
28,1,3
35,20,36,37,74,25,4
88,86,96
64,44,9,77,61
95,75,65,59,88
65
40,68,13,28,23,83,85,21
75,92
22,93,11,68,100
36,27,81,96,62
37,16,62,84,11,74,14,56,16
92,82,92,45,83
42,16,40,1,7,56,26,63,46
49,2,91
95,7,51,31
63,10,53,14,55,98,13
46
38,73,34,67,67,34
81,54,58,97,44,53,19
65,34,72,42
86,2,73,59,23,100
60,41,25,67,21,68
69,32,31,15
77,62
48,9,88
72,6,53
40,38
31,74
41,85,87,56,99
54,57,64,51,93,40,35,94
64,34,19
53,100,54,55,28,78
49,7,7,84,31
63
68,60,11,87,81,62,52,49,58,1
76,36,60,64,95,30,98,4
97,70,13,73,34,30
51,95,77,18,25
22,17,17,37,70
53,2,18,98
90,77,85,61,2
46,85,8,32,1,77,18
16,12,73,23
49,64,49,2,85,30,73,48,14,16
76
2,89,53,84,86,38
34,57,35,18,74,64,4,90
25,71
76,77,97,4,72,54,14,74,67
78,47
54,45
53,59,65,41,19,86,88,10
75,96,15,22,34,59,2,57,32,92
62,32,18,20,23,72,62
87,5,54,69,35,99
30,6,30,86,34,2
99,7,84,59,60
94,13,8,4,12,8,65,68,10
18,51,54,3
20,83,13,75,99,74,22
13,71,91
75
26,52,100,33,12
41,33,49,74,83,96,31,84,69
51,82,1,27,94,18,77,59
42,9
74,99,75,47,16,35,44,34
10,69,27,39,36,40,86
18,57,28
41,34
31,52
34,39,9
66,72,21,99,54
95,88,24,79,48,41,24,20,10,29
84,94,53,93,19,19,77,66,35
19,18,22,37,49,37,30
77,6
21,33,79,79,92,37,91,86
74,34,74,80,96,8,69,42
86,85,2,68,36
32,1,31,83,23,90
5,44,10,43
18
19,76,26,73,35,6,44,23
40,81,9,19,70,58,58,94,68
59,13,92,55
56,81,90,97,100,83,6,40
58,78,16,44,53,92,66
26,22,59,72
45,61,21,30,11,87,87
63,17,75
18,34,96,35,2
24,23,100,63,82,36,52,57
85,84,40,97
94,47
81,81,87,64,79,47,86,84,21
38,94
99,54,82,3,86,29,22
70,77,42
49,38,36,51,61
31,22
76,82,54,11,86,87
36,57,75,62
23,96,96,56,80,96,55,17
56,80,60,29,80
78,14,61
29,65,40,43,22
12,59,3,84,36,16,55,77
97,25,53,70,79,64,67,42,89,4
9,64,39,42,96,65,52
4
89,50,95,88,91,8,7,96,24,38
23,18,92,64,84,29,34,38,64
68,68
65,21,43,48,72,99,49
62,48
51,76,3,100,74,81,24
74,59,34,74,30,54,49
87,66,53,2,72,76,25,17,30,48
70,70,57,75,66,66,99,84,64,43
28,56,92,9,26,8,69
70,14
90,72,39,45,81
76,82
69,40,82,81,44,1,58,100
22,71,99,62,91
