9,13,47,8,18,21,47,17,20,12,20,13,12,18,7,4,8,16,5,6,85,48,50,16,14,15,10,6,7,13,15,13,20,3,18,19,18,15,7,19,8,4,5,100,2
80,9,3,16,7,41,2,2,9,11,12,16,1,14,13,7,17,3,5,77,1,14,98,16,10,2,3,12,20,14,11,1,39,2,72,4,1,6
35,9,18,7,10,14,8,4,3,10,7,9,3,10,15,20,8,13,11,8,8,5,98,3,9,17,17,20,7,19,11,15,17,4,1,8,3,10,80,25
2,5,1,6,7,8,84,4,68,11,45,11,10,8,82,13,6,10,68,59,16,10,1,29,3,13,2,11,96,56,7,3,3,12,10,4
18,8,4,15,7,5,11,2,10,7,1,20,18,86,37,2,19,11,7,5,5,16,59,17,14,17,1,15
64,98,14,6,13,20,43,8,17,76,6,34,14,3,6,16,83,9
10,20,8,15,3,59,6,11,39,17,12,10,91,23,1,92,18,13,17,71,7,13,9,57,20,34,16,8,13,13,16,19,32,17,30,10
1,97,7,14,6,13,50,3,17,18,12,8,97,37,16,73,85,7,74,14,67,15,12,20,84,9,18,3,13,3,16,19,3,25,41,17,1,55,14,70,15,48,72,19,5,92,12,8
18,15,17,18,84,60,11,7,10,19,13,10,67,9,11,19,10,9,7,6,16,2,8,17,4,19,6
15,15,17,6,93,29,20
6,10,2,12,8,1,6,6,7,20,18,11,4,15,3,15,12,19,10,12,10,8,7,1,20,3,48,8
13,2,18,7,11,12,70,11,1,9,15,7,17,1,15,24,5,24,17,100,19,15,16,52,15,1,2,41,7,5,75,5,18,15,20,3,19,6,66,14,16,16,12,7,14,18,17,6,87,85
54,18,1,7,1,12,20,8,20,3,57,2,3,12,14,36,2,5,4
8,5,16,5,66,10,5,10,46,20,20,8,26,4,2,1,17,6,17,15,10,17,10,14,69,43,12,46,3,18,19,15,22,15,5,52,1,4,10,12,50,10,9,54
11,19,82,15,8,5,2,19,11,7,19,17,4,29,20,17,66,11,18,16,1,15,38,9,20,2,9,17,11,17,14,7,13,34,2,63,36,3,14
2,2,83,7,13,14,5,14,71,2,9,17,18,20,6,3,2,19,35,8,5,57,10,9,80,17,5,19
54,69,1,12,4,10,83,18,17,3,76,63,30,13,1,20,40,18
18,17,3,15,14,5,1,19,23,17,82,10,7,10,10,6,14,1,9,8,80,40
19,5,4,15,53,17,99,2,13,3,7,46,94,18,7,15,67,18,10,16
53,10,13,14,49,2,13,92,15,3,70,16,8,20,2,6,3,1,4,96,14,17,13,96,17,16,5,7,12,17,74,16,17,11
20,7,3,89,2,19,73,8,6,37,71,3,9
17,18,69,7,9,15,14,7,3,29,93,11,19,12,18,31,7,17,41,20,7,6,5,74,2,20,7,13,6,7,14,6,7,4,3,20,39,10,52,11,8,1,19,4,4,33,1,5
9,19,18,5,9,93,18,19,12,19,11,16,1,8,1,5,97,5,15,5,4,14,93,12,4,3,19,9,9,3,1,1,9,14
8,5,18,17,12,64,18,18,13
46,7,2,11,5,1,6,5,19,2,3,17,11,7,17,71,16,10,12
10,18,9,43,14,10,27,23,4,1,48,18,11,63,12,19,58,4,13,1,9,16,19,5,15
17,10,73,6,96,94,10,7,16,10,14,12,16,88
9,1
12,12,2,8,9,10,8,11,5,26,8,2,9,3,63,3,63,4,3,15,15,15,17,6,3,16,3,20,2,9,1,9,15
14,2,17,1,13,4,7,12,9,48,5,9,10,32,32,18,5,94,10,10,13,12,20,7,2,9,4,85,11,15,18,3
9,23,8,20,38,12,4,1,12,12,17,13,82,4,6,19,7,86,5,4,17,6,19,17,5,6,11,38,4,6,10,14,6,19,19,20,3,4,10,55,7,5,16,9,4,1,7,20,18,14
85,13
18,9,9
20,6,91,10,8,62,20,3,10,44,76,93,11,93,6,69,61,4,8
5,19,4,13,70,2,18,64,7,2,53,61,81,13,5,10,5,11,14,13,47,15,19,10,97,5,84,22,4,77,8,3,14,24,13,13,5,19,15,7,9,61,13,10,11
23,45,13,1,68,10,6,56,33
1,11,17,18,20,18,1,27,13,5,10,12,7,2
40,15,8,10,3,15,6,14,9,16,61,5,20,35,10,10,10,8,42,5,15,16,9
1,6,32,94,18,16,6,7,65,15,9,5,17,78,16,85,16,8,100,16,19,8,2,15,19,14,18,9,18,6,5,9,3,9,58,17,19,13,6,13,53,14,11,8,18,17
15,15,11,4,2,16,64,3,7,11,17,20,91,11,33,10,20,20,19,5,17,10,84,44,19,14,16,18,12,17,11,3,1,66,8
14,83,49,20,76,5,13,7
4,74,16,2,7,92,5,15,5,18,13,4,2,50
99,13,83,9,10,2,8,8,65,20,15,19,15,27,9,74,19,16,82,12,9,17,5,2,5,1,18,7,44,8,93,8,52,14,38,7
17,46,19,6,18,9,9,67,18,70,61,6,15,7,19,62,6,10,3
8,22,2,6,10,2,1,1,6
4,69,14,2,7,72,34,87,19,94,68,17,78,15,98,15,3,11,18,9,1,15,19,75,42,3
1,8,12,89,19,64,29,17,7,99,9,2,45,10,29,20,46,77,18,94,94,12,5,1,9,57,1,11,2,5,5,9,9,7,12,17,63,6,2,4,11
16,5,3,6,18,10,5,7,9,69,13,46,14,20,18,18,14,11,3,8,1,18,3,20,8,14,6,21,20,39,10,8,18,65,14,13
19,84,7,1,36,10,78,20,9,55,16,4,14,19,1,95,4,14,9,13,19
7,17,47,9,61,8,3,10,4,16,7,20,92,9,8,64,46,1,1,75,9,92,3,18,20,17,3
2,38,92,11,8,6,76,37,4,16,18,15,58,2,19,12,36,11,10,28,19,4,6,61,15,74,18,3,12,93,97
7,4,14,41,35,20,20,15,2,61,17,9,18,14,13,74,16,70,2,20,12,17,13,14,12,8,2,15,4,52
83,7,16,12,85,17,10,12,70
18,5,13,94,18,13,88,81,10,19,1,9,95,96,15,83,6,11,13,5,14
18,20,9,8,13,32,16,9,7,6,20,6,9,11,2,14,5
10,9,1,12,9,61,55,1,16,5,10,28,19,3,6,77,2,12,11,4,19,70,10,16,14,3,13,75,8,99,37,14,10,14,5,9,1,8,14,21,10,16,18,16,1,60,16,17,2
43,13,12,9,19,16,76,5,46,60,19,7,14,1,6,20,11,36
11,9,1
14,8,7,47,3,20,18,19,15,5,59,2,66,10,2,18,79,7,57,5,3,12,12,70,12,3,19,18,8,95,40,20
11,85,6,2,18,18,16,3,14,32,18,11,7,14,10,20,100,9
3,6,19,12,16,8,10,8,14,12,29,78,8,11,80,10,36,16,13,8,8,95,12,6,1,10,8
18,13,9,73,15,23,46,17,1,34,11,9,1,9,9,19,13,12,9,4,3,18,16,10,5,8,9,9,5,6,19,14,11,18,1,8,24,7,2,37,21,4,10
7,2,17,1,17,7,24,17,84,13,4,1
14,13,16,5,13,4,6,13,11,10,11,14,10,14,7,3,14,9,1,16,15,74,18,51,8,7,15,15,3,15,8,2,16,11,88,20,39,9,5,17
98,8,11,3,6,5,7,96,1,95,95,9,7,13,4,38,10,15,2,15
21,16,2,5,100,19,18,12,10,18
74,18,14,16,19,55
11,31,8,18,14,11,9,3,6,75,12,13,23,55,100,15,4,75,6,8,9,17,35,46,8,4,83,8
6,65,48,9,10,13,11,8,1,64,1,9,8,63,14,18,9,15,60,17,34,10,7,20,12,4
10,10,17,4,19,19,15,2,3,65,4,85,20,18,16,17,24,2
20,50,7,10,2,7,1,32,16,93,98
44,9,14,96,14,12,16,1,4,6,21,1
2,14,43,4,13,68,19,89,38,52,3
2,6,16,11,15
10,86,14,64,15,5,9,3,19,17,15,5,20,11,12,4,17,65,3,9,3,7,17,87,6,11,68,3,30,2,44,12,19,11,6,56,1,18,65,18,12,38,6,7,30,13,16,17,16
10,2,15,77,89,10,9,10,21,3,12,39,4,30,17,5,7,3,6,18
6,11,10,71,20,6,20,4,34,17,17,12,28,6,1,5,7,16,19,20,6,15,16,6,17,11,16,1,17,67,80,20,11,1,90,4
58,5,8,3,11,16,4,99,2,5,16,79,10,33,90,19
54,20,15,14,32,1,1,2,2,9,12,7,62,18,78,11,24,8,20,6,7,1,18,5
76,19,17,14,13,10,13,14,89,81,17,7,82,3,76,14,20,11,4,6,3,4,18,5,5,17,13,20,20,16,5,18,8,1,2,3,8,5,69,8
17,6,44,96,14,17,9,6,16,1,1,11,56,9,14,2,3,16,14,8,13,20,14,20,10,6,17,11,19,25,17,45,12,2,12,44,13,14,1,25,25,10
95,7,89,4,96,14,7,6,11,54,77,5,7,20,18,5,16,8,5,26,37,16,53,12,7,13,36,20,25,10,38,10,9,8,6,9,2,19,2,15,4,53,15,17,10,5,99,16,11,18
12,74,19,1,15,8,11,19,5,19,23,13
17,35,20,9,9,3,20,6,73,17,4,2,2,11,13,15,15,50,15,7,35,41,12,16,5,6,16,10,18,10,5,6
9,15,3,5,10,5,7,14,1,3,13,19,5,2,10,17,11,18,10,4,1,18
16,8,11,13,12,20,5,10,91,2,96,48,10,8
14,18,9,24,16,4,19,16,1,4,21,6,8,1,12,1,4,16,6,16,3,7,70,9
8,17,15,52,3,32,10,20,2,15,8,79,13,19,17,9,9,16,11,18,16,98,11,56,16,25,5,10,25,7,4,15,5,43,2,15,13,5,89,17
11,64,13,16,14,6,12,15,1,7,6,15,93,7,30,10,10,6,54,3,7,19,18,4,4,41,1,11,63,14,53,15,11,6,18,17
7,14,6,3,4,3,9,26,5,4,42,35,17,4,8,14,15,83,6,36,14,6,81,7,12,12,18,8,68,9,1,4,20,1,4,58
1,2,19
9,12,2,2,18,13,11,32,15,16,9,46,54,1,16,13,1,18,48,3,80,8,1,2,5,41,1,17,17,100,15,6,5,12
8,17,17,17,7,12,8,5,10,2,15,7,11,15,9,16,1,3,11,7,16,18,14,6,11,4,42,7,70,2,4,16,8,18,3,14,17,61,17
44,15,60,8,9,73,12,7,59,8,57,47
10,54,13
17,69,5,79,40,4,3,9,13,2,9,90,14,2,15,94,6,29,11,69,20,7,77
44,17,96,16,14,7,9,10,9,9,2,11,51,33,13,9,12,15,94,13,2,31,75,56,16,18,47,1,2,14,2,7,5,13,18,9
4,14,13,20,10,14,17,7,18,4,13,22,13,47,45,5,26,16,4,20,13,59,20,76,16,8,21,8,6,8
3,16,11,7,16,19,8,14,12,11,10,80,16,2,7,2,5,11,74,2,10,18,20,16,98,79,40,1,13,15,7,18,12,82,4,19,9,3,6,20,5,19,4,63
16,4,35,9,16,8,10,15,5,65,18,4,10,4,8,11,80,5,4,11,17,13,6,90,10,20,16,12,8,5,14,18,3,15,14,10,74,85,4,7,15,12,29
4,6,12,11,14,22,88,14,13,4,17,2,13
23,89,52,5,3,15,18,15,8,13,5,19,35,3,9,10,18,6,12,4,20,5,3,78,1,50,7,42
5,8,16,11,20,14,38,10,16,15,88,11,16,3,6,13,14,3,80,5,23,31,1,3,20,95,38,6,6,99
15,14,11,24,8,10,17,3,6,6,19,2,6,7,8,73,10,12,5,7,11,19,55,12,12,27,3,2,15,8,53,7,38,14,16,12,15,13,6
20,8,77,4,20,18,74,13,7,16,9,13,8,1,9,5,8,57,14,18,22,1,72,15,74,18,2,2,18
8,19,57,78,11,12,14,7,9,8,19,12,5,15,4,17,2,3,15,6,12,15,26,13,18,13,21,96,1
5,10,73,2,9,17,2,7,73,16,7,11,11,17,78,30,3,1,2,16,6,10,3,8,1,5,19,14,17,15,51,18,3,13,19,13,18,2,11,9,20,1,18,12,15,3,1,5,9
78,80,8,17,15,14,6,4,64,68,10,19,34,37,54,4,3,69,17,50,1,4,21,77,9,41,4,8,3,3,1,84,76,16,98,30,22,57,11,17,5,86,18,16,8,55,8,83
20,5,18,77,7,15,15,8,94,3,5,11,5,20,65,13,4,2,64,14,71,17,20,21,6,16,7,16,16,3,1,1,12,18,2,5,18,16,2,7,17,13
12,11,20,1,3
9,54,4,18,20,6,11,52,72
2,5,64,9,10,11,13,95,19,12,17,6,18,47,11,7,2,48,16,7,3,13,14,29,1,6,13,14,15,19,27,9,24,19,28,2,2,16,68,97,11
6,7,16,1,5,8,13,60,4,20,7,46,8,6,17,4,4,18,16,18,16,19,13,12,16,7,6,11
9,75,6,39,8,19,20,6,94,14,61,13,7,5,11,10,11,6,9,7,18,16,5,6,5,80,18,14,4,5,12,17,3
85,1,1,9,2,19,54,52,18,15,19,6,19,10,15,68,5,5,3,3,7,54,6,9,9,6,6,14,19,7,45,6,1,20,1,8,7,76,19,8,10,10,57,85,1,100,83,7,55
16,3,15,2,7,17,2,20,11,12,7,38,57,6,19,20,16,19,50,9,6,19,4,6,30,9,15,6,9,19,7,11,23,2,18,10
4,4,3,14,11,14,7,5,11,10,6,4,20,98,15,17,74
7,5,50,23,17,52,1,15,13,18,2,13,20,3,32,32,5,20,9,15,19,6,15,2,62,13,48,76,12,6,18,1,11,10,16,5,37,35,15,7,13,20,19,9,9,2,10,20
68,96,55,9,3,3,4,3,12,10,5,15,7,10,17,13,3,8,1,9,17,2,17,9,2,22,14,10,41,17,50,1,14,15,16,17,6,10,12,12,9,5,49,16,73,13,5,18,20
8,7,3,100,17,12,20,87,19,76,2
4,7,5,17,18,20,12,14,11,7,92,10,18,19,17,17,4,17,7,18,10,19,18,9,35,18,58,4,8,16,14,19,18,11,15,14,2
41,77,14,6,12,62,7,2,2,14,8,17,65,20,10
89
16,4,14,92,83,20,15,6,9,13,7,95,53,3,4,3,9,3,12,1,20,96,17,12,63,1,40,2,30,10,3,12,6,7,39,7,1,74,12,16,20,5,19,2,10,25
38,4,4,6,5,15,16,26,3,91,3,14,20,50,8,14,4,1,45,5,15,12,5,12,18,2,3,69,16
5,7,19,14,16
72,17,20,18,19,12,3,19,17,15,83,25,6,9,11,5,17,40,3,34,1,4,12
20,15,8,13,3,7,13,15,4,65,61,2,87,29,15,9,4,11,12,9,4,16,46,16,6,82,20,18,10,19,17,16,74,19,9,3,19,2,16,12,1,4,16,14,13,11,2,18,18,52
14,11,14,12,16,54,48,94,8,11,5,15,13,8
17,29,15,92,13,8,12,8
63,7,12,35,16,16
1,12,65,7,19,66,58,31,6,11,3,19,12,13,2,28,5,8,69,9,13,9,3,14,87,3,90,12,9,18,5,40,5,2,17
89,15,6,7,16,12,10,20,4,97,12,12,20,4,12,14,2,34,17,12,86,12,1,10,17,6,8,13,3,7,33,14,20,73,6,56,27
2,3,14,16,99,5,1
1,6,1,19,9,19,13,20,23,4,67,19,39,18,8,18,13,13,92,41,19,76,17,19,60,94,15,6,20,10,11,2,59,9,14,39,2,17,1
47,4,18,3,18,20,1,4,8,59,8,13,20,14,35,24,14,9,2,10,3,16,5,10,7,14,18,1,3,61,96,10,92,15,47,2,40,11,15,4,8,5,7
94,5,15,19,15,14,19,64,7,7,17,11,18,2,19,12,10,14,11,16,9,3,86,12,14
18,16,3,16,8,20,20,100
14,11,12,6,7,8,20,12,5,19,4,100,72,10,35,7,4,6,14,1
46,21,53,17,11,4,16,3,1,7,12,19,11,22,10,12,13,11,1,6,8,8,20,80,18,8,5,2,12,10,4
7,19,76,20,93,5,11,43,13,16,18,72,1,9,10,12,9,64,20,17,4
91,5,2,52,66,5,14,6,14,96,24,9,14,20,12,3,22,10,8,15,13,76,88,16,15,85,72,18,79,4,16,19,4,19,65,12,58,1,11,6,15,17,19,4,6,17,2,10
16,13,52,9,5,1,12,5,86,8,76,3,96
16,30,3,9,13,20,15,18,80,20,8,5,2,14,11,6,14,17,22,39,1,20
19,70,18,8,69,2,12,5,54,79,10,4,6,19,1,11,7,8,17,1,8,18,13,13,11,16,20,27
8,10,82,24,11,18,100,1,43,5,4,20,1,9,10,37,4,5
5,8,99,2,13,14,6,11,12,4,5,4,16,19,20,16,77,18,5,43,10,15,19,3,31,7,6,7,11,5,10,11,12,13,8,8,5,20,9,3
17,12,63,20,5,5,13,6,12,6,4,17,3,11,5,1,8,3,11,2,3,7,4,13,20,1
17,2,96,11,5,4,3,89,13,3,5,14,70,65,15,15,81,1,3,3,11,5,3,9,17,11,8,4,9,2,16,18,18,42,12
6,18,16,2,92,44,15
9,5,1
90,20,19,8,82,94,32,56,4,2,4,19,5,12,62,6,95,36
9,4,16,18,34,20,1,18,8,2,6,10,39,8,11,20,11,4,20,3,7,67,16,19,5,14,10,34,20,13,12,13,90,18,3
19,7,15,11,25,6,71,6,14,17,3,5,36,3,15,16,3,65,16,11,2,9,96,11,15,86,20,4,15,3,21,38,8,2,74,6,19,6,99,41,8
2,14,15,18,18,10,15,9,12,1,14,1
14,33,15,7,6,20,19,16,16,52,1,12,18,72,9,1,62,4,15,11,7,16,15,17,18,9,3,7,17,14,9,16,10,11,45,10
18,3,1,16,15,78,19,1,3,12,4,10,7,87,3,30,6,6,12,6,16,38,6,2,2,13,10,7,12,18,2,10,10,9,37,17,14,10,18,19,14,58
17,6,15,92,3,6,16,4,15,17,7,19,5,12,13
56,16,10,1,6,13,37,11,8,20,16,20,3,20,13,3,18,16,2,5
62,63,17,20,10,11,2,31,32,2,14,18,12,11,31,6,16,28,4,57,65,9,10,15,79,4,11,15,18,20,88,67,12,15
12,61,13,6,10,23,1,1,1,14,24,9,10,6,3,4,96,3,12,19,7,10,17
16,19,4,11,2,67,26,1,8,92,3,28,2,17,59,77,3,17,45,18,7,12,17,3,38,1,18,53,2,11,93,17,5,3,2
5,20,35,33,7,20,10,95,7,16,9,88,11,9,14,7,3,2,51
20,20
67
3,4,12,23,1,18,17,18,16,12,12,5,90,14,14,17,19,17,16,62,17,11,64,18,7,12,17,13,6,15,12,4,86,15,15,99,50,7,10,10,13,11,83
95,6,15,16,18,14,12,15,20,74,70,5,9,16,11,10,15,1,2,2,17,5,1,5,10,12,2,1,39,19
3,3,14,14,14,49
81,3,8,12,82,99,64,11,90,20,7,72,2,25,2,5,13,3,29,5,19,27,11,26,1,6,2,5,8,17,10,18,6,12,14,14,49
24,1,15,97,12,95,4
17,3
76,4,19,20,14,6,4,5,17,1,18,7,17,14,8,7,15,1,12,4,86,16,18,15,87,16,20,17,7,18,16,10,20,17,9,14,2,81,59,16,5,1,12,14,20,8,7,20
16,16,43,6,10,19,11,1,16,3,29,16,11,53,14,20,15,66,18,18,14,1,18,18,1,14,72,16,14,45,14,2,17,58,26
11,10,11,11,30,5,15,7
39,17
6,4,5,14,60,10,2,99,7,1,8,50,3,72,80,19,20,16,60,20,82,12,7,13,17,66,73,31,20,9,11,7,8,11,50,4,35,5,2,95,18,12,10,12,2,84,4,51
17,18,7,13,19,29,6,7,16,18,8,9,6,7,13,20,80,8,45,1,70,16,64,10,7,14,6
17,2,2,19,5,13,13,2,6,7,16,89,17,13,12,10,78,2,10,9,4
98,7,3
17,15,5,3,80,12,11,8,6,7,54,20,8,16,11,17,50,3,3,1,2,53,91,56,16,14,18,14,11,8,6,2,3,10,16,5,7,4,80,17,8,94,18,20,10,10,10
17,6,13,15,83,19,59,15,8,7,4,3,19,20,5,14,6,9,5,2,18
12,99,14,18,76,17,17,19,10,6,7,20,2,3,20,10,7,5,8,5,3,2,82,1,89,18,14,8,20,11,8,14,75,33,20,67,5,96,11,5,11,9,4,8,20,6
8,16,15,2,99,95,63,62,17,66,3,13,3,8
35,16,82,85,5,96,99,55,8,8,67,14,15,14
18,6,11,10,43,23,11,1,8,2,20,9,3,16,4
1,19,5,12,98,79,22,66,14,3
10,2,7,3,60,16,18,12,5,17
74,54,9,8,5,17,10,8,75,21,98,12,10,75,18,17,2,49,32,6,98
8,79,15,12,4,3,16,17,10
17,1,16,18,1,8,46,6,12,1,46,14
7,6,28,43,19,15,10,11,2,10,66,17,17
6,2,5,14,7,6,13,11,8,61,86,18
2,15,36,47,47,43,18,5,16,10,12,13,14,18,18,8,20,19,2,32,43,12,20,3,11,81,16,4,2,2,8,18,14,8,2,7,16,12,16,6,5,43,25
9,4,18,20,16,17,12,8,2,2,65,85,95,38,15,1,9,38,84,6,6,15,3,4,95,8,17,5,19,9,16,15,1,5,12,6,7,15,3,5
2,54,12,7,17,2,12,98,6,20,18,95,17,12,14,13,12,17,16,16,8,12,2,20,2,54,18,6
14,14,20,89,24,2,15,66,9,10,5,21,3,9,2,11,19,13,16,10,16,66,9,17,2,20,13,19,5,9,15,21,3,7
44,12,10,10,15,8,14,11,7,3,24,1,11,11,9,18,2,96,11,12,11,9,16,10,12,3,45,12,1,17,13
96,73,15,16,12,10,15,13,92,8,77,1,20,18,57,15,9,3,9,10,13,6,13,3,3,6,3,4,8,19,15,1,11,19,18,15,17,18,18,16,12,15,11,5
1,2,16,19,16,4,12,19,8,12,4,44,15,96,9,15,98,19,12,12,2,15,13,4,11,1,7
6,5,7,54,12,12,10,45,13,16,14,2,20,10,15,3,20
14,8,16,17,71,90,17,16,14,10,2,50,9,9,3,86,12,9,2,6,6,33,10,2,13,4,73,2,73
14,88,50,19,3,7,1,11,11,4,7,2
12,14,89,16,47,13,6,6,68,8,8,20,16,14,20,16,55,3,8,20,3,6,8,14,18,3,85,35,7,17,6,4,3,62,13,60,12,2,4
20
20,19,42,9,20,17,14,46,14,9,95,99,3,23,17,14,6,55,16,51,11,54,16,8,18,22,6,5,14,2,42,2,7,16,12,2,7,18,21,7,10,8,7,3,1,9
15,10,6,4,13,1
7,14,7,4,9,14,19,7,80,20,13,63,19,12,4,5,6
92,5,8,15,10,1,3,19
12,11,1,15
38,9,1
6,20,92,4,5,18,5,17,86,17,74,38,6,17,11,42,8,4,19,9,16,5,7,2,38,15,3,21,9,13,12,16,9,43,16,18,4,12,19
10,13,1,11,31,8,12,14,46,1,25,4,9,52,7,80,9,15,6,40,19,8,34,12,17,9,19,18,28,20,41,7,54,6,9,9,18
1,19,4,20,76,56,14,6,14,2,17,8,10,10,100,11,4,11,62,1,20,1,17,18,10,87,4,4,41,6,15,1,12,86,100,92,1,43,89,17
11,21,67,19,3,20,15,2,66,13,5,15
62,20,17,1,7,9,19,69,14,41,56,1,7,19,1,12,13,14,14,3,17,19,7,6,9,39,87,11,31,1,4,17,2,17,2,9,96,11,11,12,98,20,7,10,26,23
7,17
9,46,7,10,4,15,53,1,4,11,7,18,13,13,77,92,14,76,9,1,6,8,13,84,7,2,5,1
7,13,18,15,38,72,99,59,19,4,19,43,77,10,15,11,3,3,59,17,1
6,1,8,10,12,20,14,2,23,4,24,17,98,11,20,18,19,11,20,1,11,16,58,65,13,12,11,7,4,3,20,12,20,16,24
7,15,1,10,14,10,12,13,17,16,10,16,8
99,21,17,14,7,4,4,17,20,19,8,30,2,13,18,4,5,14,13,14,7,4,26,91,8,10,17,17,1,81,27,17,13
1,3
60,82,17,16,17,12,8,14,3,2,8
92,7,19,15,12,6,9,17,18,42,9,1,11,20,41,4,5,9,15,13,8,19,3,41
100,18,3,12,15,12,67,6,18,15,6,16,1,10,11,50,20,13,13,13,10,55,17,94,10,15,15,5
20,30,12
17,13,17,4,28,5,6,39,20,20,5,17,3,17,12,93,9,8,8,10,7
5,73,4,2,12,20,62,19,11,17,17,12,12,11,20,4,1,9,3,12,11,1,7,6,6,9,13,8,7,2,49,100,1,10,12,2,15,72,44,1,1,16,15,9,19,8
2,3,1,40,48,14,10,10,2,15,16,16,12,18,9,76,16,10,13,17,20,8,36,3,17,12,12,16,22,18,10
65,20,15,55,2,20,13,18,3,15,11,19,15,94,12,17,20,84,9,76,77,11
8,17,9,14,6,15,43,9,8,10,47,14,12,10,20,18,10,5,13,85,10,35,32,6,2,16,8,13,5,17,17,3,20,8,70,19,75,14,8,9,7,3
81,4,4,11,4,1,5,15,8,16,9,6
7,4,2,14,10,3,14,5,13,17,14,1,8,8,16,8,9,15,10,10,9,1,2,15,19,14,4,33,2,7,2,14,41
6,13
11,93,17,24,40,10,20,15,16,20,15,17,20,10,19,2,20,36,7,32,12,3,11,71,16,14,18,15,20,13,20,1,18,7
2,81,12,19,23,20,4,6,16,9,14,6,18,24,74,20,5,14,13,15,19,89,16,9,18,19,7,3,12,8,9,1,13,2,5,6,16,16,84
16,20,19,4,1,4,14,78,5,18,6,45,16,10,18,3,1,6,6,4,20,8,15,3,1,17,22,2,4,48
19,2,3,13,10,2,4,11,14,66,71,2,11,2,16,17,3,94,18,8,7,72,2,34,6,96,4,1,9,1,1
8,14,51,11,4,43,20,5,7,3,43,8,14,4,1,7,10,4,11,73,9,16,3,1,4,4,1,9,1,2,29,69,1,17,19,4,6,100,30,19
9,33,7,31,11,10,20,13,16,12,8,85,7,5,3,10,15,50,31,14,5,81,2,68,10,9,5,14,1,24,18,7,5,4,82,5,8,15,3,18,31,2
7,6,6,17,92,1,9,67,1,2,7,10,20,16,9,73,3,14,16,98,11,3,8,4,5,8,8,3,14,38,57,14,7,20,14,6,2
14,4,5
48,2,39,34,49
4,18,6,8,70,7,2,17,8,7,53,6,14,71,12,12,11,19,8,8,77,8,92,1,10,15
10,3,13,15,12,7,91,13,20,6,8,20,4,11,14,1,4,14,2,25,9,20,19,12,66,15,20
2,8,30,2,14
6,19,10,18,11,11,18,5,1,52,13,17,49,62,19,10,5,36,14,83
3,77,24,41,19,41,5,100,15,41,20,4,16,13,8,68,7,18,53,71,13,22,16,5,19,13,46,4,17,2,9,40,26,3
20,10
26,18,11,17,4,11,17,19,85,94,16,17,15,19,20,1,11,1,8,7
18,83,4,53,11,17,6,7,3,27,14,4,12,64,36
9,34,8,19,1,18,20,33,16,19,14,16,17,78,30,3
16
2,35,11,11,10,7,5,8,6,8,12,20,78,4,3,2,17,99,7,56,4,3,12,17,58,13,52,12,67,70,5,93,55,1,14,8,6,5,13,11,16,87,21,6,17,10,5
9,14,2,5,48,5,3,7,6,9,7,67,3,94,17,8,74,8,17,7,14,15,2,7,19,9,6,98,81,51,18,20,15
15,97,9,64,11,75,11,14,5,23,4,11,12,100,11,6,6,17,14,16,57,19,67,7,51,2,73,5,19,8,4,2,52,9,12,1,10,13,6,14,77,8,7,15,12,14,19
16,8,13,15,17,19,18,3,9,13,12,18,15,5,15,12,19,5,16,61,3,9,15,54,9,92,1,20,62,7,16,33,5,4,1,54,9,13,88,39,12,3
58,16,18,12,10,4,20,11,8,6,3
7,52,75,16,7,16,5,6,1,2,5,11,76,20,8,5,19,11,89,45,15,57,13,17,11,61
9,28,4,28,64,5,3,28,18,4,18,15,6,3,7,17,18,2,10,11,18,7,6,13,12,2,17,9,15,4,18,62,21,50,14
10,5,47,3,5,48,20,3,2,9,11,4,19,9,15,13,14,1,8,21,3,11,4,19,1,3,18,20,73,57,11,13,82,19,84,1,21,80,4,1,12,4,8,20,9,18
11,9,13,39,20,18,8,16,20,1,7,91,14,6,36,3,6,4,12,10,4,7,4,11,3,3,4,5,12,17,25,20,17,10,80
36,16,23,13,8,6,34,18,5,40,18,7,39,13,18,20,54,4,14,17,3,18,11,14,11,9,5,53,52,1,12,13,9,1,12,8,2,1,24,2,67
13,22,18,19,13,6,1,19,54,17,19,100,13,12
11,7,17,10,10,6,4,96,89,3,8,74,17,16,7,7,6,18
18,73,19,5,19,43
19,5,2,25
79,36,85,13,9,7,15,7,18,19,19,18,15,36,5,86
16,73,10,7,14,4,13,13,88,20,7,16,19,63,72,10,6,11,8,63,99,5,62,5,13,3,5,1,17,18,4,17,17,14,7,9,13
50,10,40,3,15,51,5,6,5,19,10,8,7,8
15,15,8,5,18,14,4,5,25,6,4,9,18,87,10,18,19,15,15,14,11,9,15,82,4,53,7
9,49,14,17,9,1,2,11,3,90,5,49,7,12,9,2,19,1,7,4,18,9,18,3,49,7,3,3,67,34,14,20,15,18,20,3,9,70
70,63,13,90,84,19,89,13,12,20,4,13,44,18,7,13,2,4,72,51,15,65,16,11,3,16,11,13,15,18,20,18,13,10,1,5,18
4,7,19,9,9,20,2,15,15,3,13,6,12,13,4,18,99,16,10,18,57,6,3,20,99,15,13,14,1,9,10,2,6,20,19,8,70,97,4,12,3,17,73,3,2
5,12,18,19,8,14,7,16,10,5,14,18,7,11,13,3,1,18,94,19,46,16,17,12,85,18,6,11,20,9,2,16,11,9,11,5,3,5,81
29,17,51,7,14,14,7,44,18,19,1,7
2,4,7,4,87,11,95,6,16,7,13,3,80,12,18,4,13,3,89,8,8,19,8,8,68,4,16,36,19,15,7,17,14,7,9,73,92,17,16,37,68,49
18,20,16,11,20,10,17,71,17,17,8
10,19,54,12,24,18,6,19,18,18,15,5,3,1,8,20,12,1,21,14,14,20,5,6
9,30,17,51,15,18,10,18,7,58,2,18,27,14,7,6,65,9,8,13,10,9,1,20
16,9,15,9,79,4,8,79,47,18,16,5,33,6,12,19,13,16,11,9,17,3,12,18,57,80,16,70,7,20,13,18,20,2,5,12
48,1,4,18,17,23,1,5,10,16,13,11,52,91,20,11,1,2,6,15,14,17,74,4,8,7,10,17,8,2,7,15,15,4,3,17,29,20,2
5,45,19,18,79,9,4,6,12,18,18,23,11,4,18,14,13,3,5,1,62,2,10,19,11,58,14,18,98
7,15,4,6,15,55,12,8,20,66,18,18,1,9,39,11,14,17,72,75,20,6,10,15,11,59,5,8,4,15,10,4,3,86,43
13,19,18,4,20,16,19,16,14,19
18,64,20,8,15,78,4,20,1,5,10,17,15,7,20,5,13,6,13,19,16,16,6,14,5,19,13,16,97,2,4,74,10,10,15,90,76,73
4,10,8,30,13,92,7,57,14,20,9,6,8,14,19,9,74
15,3,100,16,8,7,96,8,15,80,19,19,16,4,2,4,9,2,15,41,21,6,1,7,19,11,17,4,10,4,79,14,20,20,5,89
53,12,70,16,20,19,11
7,8,4,61,20,3,16,4,1,7,8
14,13,2,2,17,22,9,9,5,16,18,7,8,12,12,9,19,11,19,2,19,12,12,18,9,8,10,42,10
3,11,13,1,16,98,16,8,94,20,79,3,2,2,16,17,36
7,17,18,1,93,1,5,20,19,18,59,19,29,4,37,20,6,15,2,9,3,10,3,5,5,92,17,15,18,14,7
92,10,10,70,13,2,57,12,94,1,96,100,1,19,20,2,14,17,15,20,2,69,20,6,11,17,1,3,65,13,4,7,7
8,11,8,16,22,16,4,3,5,92,13,8,9,5,8,9,3,92,11,18,14,18,15,18,40,17,13,7,13,19,40,1,14,9,14,15,36,6,9,5,9,14,12,5,8
14,8,1,8,12,3,14,9,8,46,2,1,49,13,10,18,14,7,66,12,20,20,3,3,1,6,2,17,13,5
64,89,4,2,15,1,18,17,10,10,1,98,54,15,7,18
61,35,4,6,32,6,2,18,10,26,19,1,17,38,5,55,4,5,97,16,9,8,23,95,11,9,18,2
5,5,1,61,30,7,7,7,14,1,15,11,2,90,1,5,1,15,4,19,6,16,52,9,16
14,33,42,1,3,16,3,3,4,1,2,4,13,14,23,1,42
1,31,60,14,3
2,5,8,20
13,15,20,10,4,2,10,8,18
16,27,7,81,20,15,14,6,48,1,18,4,7,15,10,7,1,5,9,69,15,9,20
53,8,14,52,4,11,18,68,7,10,1,17,16,48,17,92,3,1,6,1,1,27,9,4,93,14,13,18,8,6,55,8,82,19,18,1,2,95,100,72,5,85,10,42,7,16,85,2,60
85,18,9,96,100,20,47,6,9,18,21,45,63,20,17,9,90,18,4,71,7,8,47,16,13,18,63,76,13,11,11,4,4,74,9,41,9,18,6,13,96,49,13,12,17,19,14,9,1
7,14,3,2,20,8,14,2,19,18,68,13,8,10,1,7,3,19,89,10,12,19,64,12,9,3,18,5,91,9,3,1,18,19,17,10,6,19,6,40,11,4,18,25,14,12
5,8,1,5,14,5,3,5,19
16,5,10,20,8,11,17,71,10,10,4,36,11,8,8,3,44,5,17,9,11,7,9,19,1,14,6,12,23,11,63,2,4
7,18,16,16,4,2,13,5,20,40,9,1,13
11,49,15,14,19,81,15,9,7,11,54,6,11,19,11,19,4,10,12,5,1,7,7,12,11,6,23,47,5,14,3,89,8,8,2,78,8,1,64,2,3,18,86,20,4,17,3,4
71,7,13,11,81,84,10,5
18,1,2,9,18,18,4,1,1,100,12,15,7,18,2
47,15,7,14,6,5,20,20,13,46,19,18,17,4,89,59,9
51,79,37,15,1,36,13,10,90,12,5,3,80,14,20,15,20,14,16,8,97,36,18,19,18,16,44,15,1,14,4,17,1,20,12,7,15,10,63,22
87,93,38,2,15,2,11,3,7,17,15,5,8,14,9,64,82,9,6,18,1,20,11,19,17,44,18,2,18,14,5,9,1,58,7,95
31,91,13,19,12,3,6,98,56,92,90,11,1,17,8,2,7,15,4,17,1,5,10,6,17,18,6,4,80,10,1,40,15,9,55
18,4,38,12,11,10,87,14,14,5,20,6,2,2,10,87,3
40,18,9,2,4,5,2,17,20,18,9,9,13,19,8,11,9,5,8,12,19,6,12,12,10,18,19,53,11,97,20,13,5,70,4
17,42,2,52,17,71,13,5,16
