161,162,19,238,60,76,197,137,147,250,110,60,156,266,283,214,108,199,33,191,178,238,66,117,11
193,174,54,36,117,152,245,255,133
227,84,111,207,92,72,47,159,45,208,215,111,52,44,97,30,289,46,4,63,112,132,105,204,60,222,82,49,294,260,37,161,218,290,103,44,117,168,70,32,192,292,287,234,97,160,210,291,106
174,229,47,93,222,299,205,129,293,245,97,27,292,188,256,204,226,4,245,183,219,21,60,249,187,18,258,266,13,31,124,244,90,263,189,45,251,257,62,49,289,137
122,133,226,189,241,293,46,2,183
68,144,179,95,282,62,240,183,199,46,72,258,112,85,142,55,43,261,24,43,74,128,78,146,128
15,63,140,202,223,105,114,118,236,147,286,145,20,191,58,164,83,178,245,212,273,13,206,269,169,93,228,234,17,198,127,289,239,99,206,52,151,260,171,103,132
80,79,244,295,262,60,1,86,262,181,126,113,291,120,75,218,284,258,95,237,225,298,165,67,19,89,245,226,269,60,235,118,35,263,226,135,300,21,131,104,284,21,27,202,7,231,156,260,58
151,193,202,35,98,175,64,200,67,176,170,22,112,68,148,84,85,27,274,112,204,50,8,45,104,287,98,166,77,233,109,236,295,24
78,241,202,141,209,172,106,85,247,156,248,272,238,172,229,58,133,193,135,93,108,73,75,298,241,190,33,264,291,51
179,64,137,290,288,208,28,286,152,190,12,17,263,233,182,41,111,67,211,54,59,47,85,20,74,11,44,176,280,141,167,290,126,210,242,38,296,250,153,211,160
134,84,233,191,223
279,12,262,114
252,253,293,166,233,175,168,264,260,267,159,21,223,177,252,203,260,77,220
155,203,122,104,262,277,94,191,38
102,58,93,179,49,129,140,122,43,72,104,202
166,76,281,103,278,70,250,299,170,260,111,44,270,197,264,26,110,245,233,62,21,51,126,75,55,9,159,61,251,179,117,202,280,132,8,74,163,167,49,147
193,60,274,270,160,147,105,222,60,16,166,89,264,8,45,282,154,222,19,249,103,170,149,149,194,89,85,49,137
13,224,140,56,46,197,285,94,241,236,46,156,267,151,229,224,98,108,95,96,259,239,26,157,242,14,117,265,92,57,64,58,174,286,277,223,91,116,289,80,41,162
146,65,17,62,173
55,278,57,273,47,247,49,177,248,161
232,226,38,144,90,237,76,246,226,211,24,89,48
67,225,17,280,128,294,300,52,49,250,100,195,214,186,243,277,122,152,77,293,150,18,75,104,226,150,49,16,155,67,43,41,279,47,142,66,165,163
189,200,250,48,107,23,27,64,192,206,7,75,46,118,181,260,46,267,82,185,21,140
30,119,166,62,197,23,286,85,185,21,86,296,12,114,123,220,113,202,228,79,149,261,178,8,59,22,116,177,278,193,99,155,20,271,58,105,220,154,67,46
72,70,17,20,15,142,74,92,83,231,284,71,20,297,211,268,11,181,50,184,35,44,70,110,197,93,275
148,237,223,16,35,216,104,191,83,62,67,25,162,216,156,224,218,66,295,208,87,291,228,183,294,2,238,178
245,103,239,37,46,276,76
281,282,206,197,54,92,55,180,67,61,131,8,5,253,251,90,1,140,260,97,81,91,278,117,254,284,136,183,17,206,189,128,136,2,64,8,37,228,50,71,66,238,249,130,151,212
145,297,241,222,120,10,248,29,81,139,38,143,197,279,273,296,296,5,171,219,78,145,196,128,86,218,257,11,229,59,201,256,270,174,35,122,205,157,68
151,81,267,123,282,94,57,203,137,122,137,179,191,231,215,112,44,294,96,238,280,100,257,173,207,224,295,284,95,176
157,197,54,9,151,4,205,86,231,21,187,217,45,160,194,249,171,271,140,58,236,271,186,92,71,212,186,131,102,114,262,5,159,164,295,218,179,47,79,161,260,135
115,139,282,197,16,169,116,93,67,103,63,11,7,125,71,298,90,93,211,193,74,98,20,42,143,300,273,261,293,231,179,116,243,237,241,97,107,19,76,92,219,82,263,230,96
25,8,196,245,105,163,203,199,238,109,239,300,152,142,299,72,93,53,208,167,246,6,202
66,109,159,193,69,47,228,178,190,300,122,142,252,193,237,149,291,129,282,184,215,240,270,94,13,57,70,239,249,159,217,240,112,61,249,272,116,283,167,101,202,290
84,145,4,273,53,200,61,215
68,220,257,166,284,48,147,47,127,64,101,292,145,234,220,66,60,242,269,82,15,143,226,120,253,3,53,110,283
198,172,89,213,132,112,268,45,48,141,261,189,42,63,161,206,267,202,258,95,115,182,286,211,275,101,289,182,165,135,176,146
158,193,133,182
241,268,136,236,118,238,76,186,277,85,275,194,69,66,300,140,290,84,99,56,82,49,167,240,22,198,92
273,238,83,222,88,205,131,159,148,283,128,295,216,291,196,8,17,20,81,251,9,167,58,69,132,300,114,227,106,95,187,141,110,256,170
105,77,195,155,267,70,49,185,297,135,41,36,157,251,146,189
255,5,298,204,28,95,175,143,248,3,252,128,11,95,224,295,166,188,244,83,42,253,37,128,88,28,143,248,277,228,35,44,14,226,134,30,227,78,90,295,132,171,197,53,166
164,268,254,79,171,8,188,220,165,229,48,241,148,134,284,83,250,57,29,30,91,233,223,152,296,243,275,287,127,117,125,174,138,21
24,202,204,254,270,101,115,160,39,294,154,244,249,262,129,137,82,227,206,51,297,91,216,108,84,199,151,299,144,216,235,5,14,185,125,180,136,231,106,238,285,246,62,11,249,77,67,239,65
37,7,47,154,169,205,104,263,50,230,85,177,224,149,112,4,143,89
50,223,148,248,150,108,137,103
96,180,50,53,268
196,127,49,268,247,248,81,68,95,34,261,40,59,147
55,287,128,262,90,51,107,85,220,103,110,286,249,170,225,105,181,169,168,11,56,148,47,16,182,59,237,224,294
54
242,151,225,34,62,191,197,292,34,112,120,276,208,190,11,37,4,228,27,223,118,270,11,72,34,268,250,206,139,116,77,59,20,230,38,95,251,82,162
17,21,137,176,120,270,233,173,22,41,164,127,126,175,22,281,77,173,174,161,47,47,202,119,192,75,81,179
121,137,296,184,84,103,222,209,32,295,243,141,200,284,159,158,175,178,253,222,263,144,203,204,141,213,3,142,3,288,172,204,161,281,199,49,40,16,262,142,147,51
9,287,134,177,56,24,221,141,101,168,290,71,176,152,118,153,25
181,254,10,247,253,10,160,113,16,164
279,112
134,83,12,257,39,83,80,128,152,274,132,230,29,68,253,184,192,62,207,172,300,109,9,232
196,179,21,182,123,288,5,49,67,7,275,201,202,32,85,55,64,4,98,226,239,102,224,155,127
253,73,141,50,214,202,51,2,276,187,125,72,278,145,95,218,227,248,24,203,229,62,115,125,276,168,164,142,64
50,293,265,15,291
225,7,106,226,169,25,275,144,202,42,39,155,258,103,109,240,237,86,171,194,281,134,138,84,233,162,238,267,209,263,252,27,271,116,142,65,73,167,121,149,127,165,211,160,258,26,147,220,200,33
236,33,62,167,27,251,246,280,269,259,83,254,277,271,65,16,88,85,220,218,67,139
49,247,120,111,236,143,69,121,300,134,104,241,244,251,246,77,269,170,66,230,232,83,34,214,136
264,57,51,106,224,43,172,123,273,5,176,109,49,179,158,18,76,287,154,132,32,289,76,256,243,278,254,46,199,5,76,230,202,268,18,104,297,102,193,72,296,21,282,273,207,219,296,231,96
130,228,155,215,254,159,25,251,290,279,198,294,71,234,154,170,51,51,177,7,72,76,40,64,215,112,2,207,101,236,109,181,290,42,274,262,66,216
62,63,12,9,98,143,71,124,37,59,49,15,68,248,40,174,14,198,215,9,252,176,59,276,195,96,209,230,225
201,210,188,54,264,22,190,293,154,188,287,21,160,261
189,120,228,120,41,36,187,108,193,133,276,229,179,259,106,166,182,35,50,204,14,81,190,103,74,211,149,36,173,221,151
31,205,245,159,290,80
185,62,191,151,20,11,194,271,15,277,174,119,166,89,62,264,233,82,35,300,271,184,47,137,114,283,271
137,24,224,273,88,28,39,32,244,265,179,214,291,288,6,194,138,42,99,243,148,81,114,16,190,249,50,93,169,64,20,92,232,243,7,84,295,300,274
237,190,265,231,261,173,5,203,277,228,199,49,134,188,244,300,46,168,49,123,33,61,87,258,103,224,239,29,288,245,50,200,82,110,44,140,84,142,207,132,212,172,249,72,169,90,184,238
105,132,270,276,75,262,158,238,211,299,197,202,26,29,155,196,192,169,273,290,21,282,280,27,60,50,193,33,64,118,12,196,272,32,1,70,184,46,162,201,118,181,133,206,20
184,149,282,42,232,250,29,213,2,210,99,291,208,134,128,298,128,180,255,43,231,152,212,220,126,80,289,272,45,114,279,70,238,133,161,188,294,137,159,251,183,157,97,209,27,203,86,18
167,118,50,40,35,218,24,249,127,188,133,47,115,88,43,169,226,290,300,182,21,43,257,103,300,293,99,24,1,61,98,37,73,255,3,226,158,244,53,119,149,90,10,52,172,217,288,33,230,2
19,36,62,186,42,155,57,35,63,109,74,190,83,274,259,110,233,226,239,22,286,120,177,12,129,183,20,149,67,140,300,10,228,62,226,41,187,164,39,64
98,40,277,145,116,136,218,107,193,243,68,252,53,139,10,151,55,5,175,152,231,9,104,79,114,95,52,131,142,182,256
16,78,93,66,62,281,139,188,45,166,83,105,186,157,61,27,75,155,168,5,59,233,72,286,166,107,156,194,198,68,71,151,131,292,62,70,159,213,280,34,71,228,5,227,141,263,21,1,181,85
180,255
15,163,230,108,228,281,255,284,142,267,6,262,255,63,56,275,266,121,49,282,145,2,186,267,187,175,151,74,143,216,90,240,265,280,132,204,95,167
267,187,112,169,79,61,147,237,105,185,157,47,38,229,50,219,211,218,253,258,137,299,63,256,122,218,15,264,9,296,29
235,48,119,284,81,80,170,300,154,4,87,229,68,197,270,241,178,253,40
102,14,278,71,271,288,181,234,140,45,155,205,15,62,140,189,231
198,69,19,51,12,38,130,145,176,161,177,130,135,94,13,144,226,178,223,229,211,7,158,194,199,249,258,65,199,89,125,30,52,208,229,37,259
224,49,6,52,101,183,149,91,160,180,113,108,208,297,50,252,145,39,173,89,210,10,145,33,63,116,52,81,115,56,264,214,72,91,227,148,14,100,126,10,130,197,164,186,140,63,67,46,182,81
79,229,119,296
88,225,61,239,68,258,293,41,178,172,199,256,47,287,112,191,295,27
161
101,9,199,150,271,200,136,282,11,208,75,176,207,228,153,168
281,277,269,253,246,293,236,220,227,113,33,223,193,211,139,253,130,223,62,113,193,85,168,257,137,142,39,21,213,2,153,241,215
150,293,108,127,195,187,244,198,173
259,27,58,253,195,30,44,237,46,254,52,240,280,151
135,131,156,175,285,63,21,232,183,16,214,271,115,185,6,175,132,228,287,270,112,194,38,230,72,167,37,75,257,232,231,116,257,118
129
173,210,213,153,107,141,119,128,167,216,41
127,145,2,132,273,225,125,114
256
49,276,68,133,118,160,81,176,112,83,286,230,237,126,144,295,125,133,76,145,178,38,117,230,83,94,88,150,99,134,8,37,174,171,71,209,221,250,115,203,139,266,197,114,36,240,186
84,246,148,163,287,286,57,1,128,143,11,107,232,296,122,162,231,139,23,3,85,97,51,56,294,48
29,209,105,148,68,72,175,144,257,33,213,68,61,64,183,272,131,93,156,202
143
208,129,283,283,97,219,293,260,110,69,132,131,287,136,118,298,108,286,79,159,234,192,68,286,224,166,254,97,53,140,226,242,193,106,277
142,135,187,96,187,120,204,230,19,235,252,120,264,109,31,12,39,74,57,236,270,277,160,75,244,48,276,57,249,243,136,169,118,220,110,262,58,273,138,227,111,95
263,64,291,178,224,158,281,31,193,25,227,194,118,50,238,175,103,66,236,201
293,252,5,184,225,163,268,155,2,41,60,145,171,152,15,89,294,121,31,182,58,55,294,252,19,101,214,36,239,167,244,73,59,111,189,192
225,74,134,236,159,42,57,50,238,64,205,20,263,133,42,180,92,269,128,13,242,33,284,36,216,155,20,87,118,135,215,259,225,40,115,94,137,286,116,223,129,22,66
155,176,66,183,176,133,117,248,97,123,230,163,165,4,257,168,199,210,182
232,265,215
223,251,41,283,182,55,49,106,73,291,95,173,80,160,121,281,187,254,65,233,106,123,92,277,225,80,89,270,55,295,189,154,116,12,137,135,139,190,72,71,50,100,221,143,20,66,192,117,253
250,219,191,187,64,97,21,106,153,133,227,7,227,280,180,226,90,212,183
58,133,157,69,173,134,287,68,30,43,106,30,93,64,130,175,82,129,60,197,231,50,167,119,57,111,106,152,79,258,233,71,97,227,20,15,221,11,27
143,179,102,238,98,165,61,237,134,258,140,182,43,208,258,250,198,268,239,151,59,15,118,287,41,215,228,167,235
156,98,69,279,142
297,163,297,163,90,84,270,125,210,180,201
143,257,25,186,59,165,128,63,248,119,213,75,68,57,130,204,141,217,29,142
300,212,123,71,230,121,25,127,109,154,79,202,18,166,73,94,14,6,100,159,46,176,180,38,53,55,260,28,176,227,102,178,220
215,207,290,2,155,254,202,10,237,39,57,284,157,52,80,85,246,217
182,229,198,124,261,57,68,223,190,189,160,292,63,37
28,205,276,40,22,75,244,240,148
25,239,45,172,175,85,147,204,130,33,287,289,275,203,52,163,77,205,105,32,237,234,89,114,105,144,107,243,75,184
270,300,270,235,201,289,82,251,124,275,283,60,46,93,22,125,121,122,101,82,208,165,62,97,59,209,117,107,286,104,157,246,83,38,218,278,217
169,273,175,94,198,86,90,138,76,248,164,162,113,276,200,245,26,291,273,173,49,282,115,175,30,71,252,59,116,207,242,266,188
185,206,120,167,142,11,66,258,113,79,160,71,239,4,156,182,215,163,291,67,132,219,260,91,64,91,115,13,172,284,39,244,95,25,265,126,141,148,89,179,62
286,80,240,297,127,29,175,38,202,273,40,108,90,44,181,191,237,62,123,57,294
190,201,27,170,38,211
69,239,86,60,91,200,231,280,236,299,109,11,17,108,93,185,174,291,205,263,110,184,157,32,286
250,219,191,90,69,32,156,243,114,292,260,281,162,77,103,168,276,37,89,246,176,94,115,50,14,206,66,94,218,25,70,147,284,6,111,277,177,266,159,283,187,267,51,246,44,107,249,233,17,80
87,56,219,37,203,206,48,3,32,128,108,283,65,218,90,71,48,85,30,122,198,286,113,118,213,140,76,225,34,224,66,92,103,42,84,249
67,78,33,204,46,33,169,203,176,56,258,20,213,212,200,173,240,233,3,40,62,73,255,22,82,206,193,294,136,129,30,239,95,299,144,193,112,78,214
258,170,168,62,52,211,54,144,201,251,216,300,51,259,76,291,219,190,143
95,83,39,174,275,215,289,222,285,130,190,270,22,240,108,100,104,136,75,193,285,185,286,173,139,11
294,257,210,43,142,197,94,107,163,162,31,12,205,48,216,118,15,280,114,40,105,225,65,55,83,221,173,137,247
40,256,107,113,169,62,11,223,94,181,5,98,148,34,116,260,150,234,105,68
297,21,44,296,253,206,223,138,85,107,113,17,183,164,33,172,206,210,205,182,191,274,77,118,31,66,45,199,67,106,292,17,198,89
95,173,38,4,27,154,213,175,235,149,237,136,180,160,279,254,117,207,69,7,162,228,264,60,98,242,268,249,14,286,80,114,42
26,40,68,204,265,144,15,7,129,170,239,42,274,144
223,279,160,51,160,231,76,88,93,231,128,260,21,22,290,241,58,142,20,8,93,175,207,73,152
289,120
19
284,150,9,276,276,220,279,101,161
