-19933.000 19933.000 19933.000 19933.000 19933.000 19933.000 19933.000 19933.000 19933.000 0.000 0.000 0.000 0.000 0.000 0.000 0.000 19933.000 0.000 0.000 0.000 0.000 0.000 0.000 0.000 19933.000 0.000 0.000 0.000 0.000 0.000 0.000 0.000 19933.000 0.000 0.000 0.000 0.000 0.000 0.000 0.000 19933.000 0.000 0.000 0.000 0.000 0.000 0.000 0.000 19933.000 0.000 0.000 0.000 0.000 0.000 0.000 0.000 19933.000 0.000 0.000 0.000 0.000 0.000 0.000 0.000
0.000 -19933.000 19933.000 19933.000 19933.000 19933.000 19933.000 19933.000 0.000 19933.000 0.000 0.000 0.000 0.000 0.000 0.000 0.000 19933.000 0.000 0.000 0.000 0.000 0.000 0.000 0.000 19933.000 0.000 0.000 0.000 0.000 0.000 0.000 0.000 19933.000 0.000 0.000 0.000 0.000 0.000 0.000 0.000 19933.000 0.000 0.000 0.000 0.000 0.000 0.000 0.000 19933.000 0.000 0.000 0.000 0.000 0.000 0.000 0.000 19933.000 0.000 0.000 0.000 0.000 0.000 0.000
0.000 0.000 -19933.000 19933.000 19933.000 19933.000 19933.000 19933.000 0.000 0.000 19933.000 0.000 0.000 0.000 0.000 0.000 0.000 0.000 19933.000 0.000 0.000 0.000 0.000 0.000 0.000 0.000 19933.000 0.000 0.000 0.000 0.000 0.000 0.000 0.000 19933.000 0.000 0.000 0.000 0.000 0.000 0.000 0.000 19933.000 0.000 0.000 0.000 0.000 0.000 0.000 0.000 19933.000 0.000 0.000 0.000 0.000 0.000 0.000 0.000 19933.000 0.000 0.000 0.000 0.000 0.000
0.000 0.000 0.000 -19933.000 19933.000 19933.000 19933.000 19933.000 0.000 0.000 0.000 19933.000 0.000 0.000 0.000 0.000 0.000 0.000 0.000 19933.000 0.000 0.000 0.000 0.000 0.000 0.000 0.000 19933.000 0.000 0.000 0.000 0.000 0.000 0.000 0.000 19933.000 0.000 0.000 0.000 0.000 0.000 0.000 0.000 19933.000 0.000 0.000 0.000 0.000 0.000 0.000 0.000 19933.000 0.000 0.000 0.000 0.000 0.000 0.000 0.000 19933.000 0.000 0.000 0.000 0.000
0.000 0.000 0.000 0.000 -19933.000 19933.000 19933.000 19933.000 0.000 0.000 0.000 0.000 19933.000 0.000 0.000 0.000 0.000 0.000 0.000 0.000 19933.000 0.000 0.000 0.000 0.000 0.000 0.000 0.000 19933.000 0.000 0.000 0.000 0.000 0.000 0.000 0.000 19933.000 0.000 0.000 0.000 0.000 0.000 0.000 0.000 19933.000 0.000 0.000 0.000 0.000 0.000 0.000 0.000 19933.000 0.000 0.000 0.000 0.000 0.000 0.000 0.000 19933.000 0.000 0.000 0.000
0.000 0.000 0.000 0.000 0.000 -19933.000 19933.000 19933.000 0.000 0.000 0.000 0.000 0.000 19933.000 0.000 0.000 0.000 0.000 0.000 0.000 0.000 19933.000 0.000 0.000 0.000 0.000 0.000 0.000 0.000 19933.000 0.000 0.000 0.000 0.000 0.000 0.000 0.000 19933.000 0.000 0.000 0.000 0.000 0.000 0.000 0.000 19933.000 0.000 0.000 0.000 0.000 0.000 0.000 0.000 19933.000 0.000 0.000 0.000 0.000 0.000 0.000 0.000 19933.000 0.000 0.000
0.000 0.000 0.000 0.000 0.000 0.000 -19933.000 19933.000 0.000 0.000 0.000 0.000 0.000 0.000 19933.000 0.000 0.000 0.000 0.000 0.000 0.000 0.000 19933.000 0.000 0.000 0.000 0.000 0.000 0.000 0.000 19933.000 0.000 0.000 0.000 0.000 0.000 0.000 0.000 19933.000 0.000 0.000 0.000 0.000 0.000 0.000 0.000 19933.000 0.000 0.000 0.000 0.000 0.000 0.000 0.000 19933.000 0.000 0.000 0.000 0.000 0.000 0.000 0.000 19933.000 0.000
0.000 0.000 0.000 0.000 0.000 0.000 0.000 -19933.000 0.000 0.000 0.000 0.000 0.000 0.000 0.000 19933.000 0.000 0.000 0.000 0.000 0.000 0.000 0.000 19933.000 0.000 0.000 0.000 0.000 0.000 0.000 0.000 19933.000 0.000 0.000 0.000 0.000 0.000 0.000 0.000 19933.000 0.000 0.000 0.000 0.000 0.000 0.000 0.000 19933.000 0.000 0.000 0.000 0.000 0.000 0.000 0.000 19933.000 0.000 0.000 0.000 0.000 0.000 0.000 0.000 19933.000
0.000 0.000 0.000 0.000 0.000 0.000 0.000 0.000 -19933.000 19933.000 19933.000 19933.000 19933.000 19933.000 19933.000 19933.000 19933.000 0.000 0.000 0.000 0.000 0.000 0.000 0.000 19933.000 0.000 0.000 0.000 0.000 0.000 0.000 0.000 19933.000 0.000 0.000 0.000 0.000 0.000 0.000 0.000 19933.000 0.000 0.000 0.000 0.000 0.000 0.000 0.000 19933.000 0.000 0.000 0.000 0.000 0.000 0.000 0.000 19933.000 0.000 0.000 0.000 0.000 0.000 0.000 0.000
0.000 0.000 0.000 0.000 0.000 0.000 0.000 0.000 0.000 -19933.000 19933.000 19933.000 19933.000 19933.000 19933.000 19933.000 0.000 19933.000 0.000 0.000 0.000 0.000 0.000 0.000 0.000 19933.000 0.000 0.000 0.000 0.000 0.000 0.000 0.000 19933.000 0.000 0.000 0.000 0.000 0.000 0.000 0.000 19933.000 0.000 0.000 0.000 0.000 0.000 0.000 0.000 19933.000 0.000 0.000 0.000 0.000 0.000 0.000 0.000 19933.000 0.000 0.000 0.000 0.000 0.000 0.000
0.000 0.000 0.000 0.000 0.000 0.000 0.000 0.000 0.000 0.000 -19933.000 19933.000 19933.000 19933.000 19933.000 19933.000 0.000 0.000 19933.000 0.000 0.000 0.000 0.000 0.000 0.000 0.000 19933.000 0.000 0.000 0.000 0.000 0.000 0.000 0.000 19933.000 0.000 0.000 0.000 0.000 0.000 0.000 0.000 19933.000 0.000 0.000 0.000 0.000 0.000 0.000 0.000 19933.000 0.000 0.000 0.000 0.000 0.000 0.000 0.000 19933.000 0.000 0.000 0.000 0.000 0.000
0.000 0.000 0.000 0.000 0.000 0.000 0.000 0.000 0.000 0.000 0.000 -19933.000 19933.000 19933.000 19933.000 19933.000 0.000 0.000 0.000 19933.000 0.000 0.000 0.000 0.000 0.000 0.000 0.000 19933.000 0.000 0.000 0.000 0.000 0.000 0.000 0.000 19933.000 0.000 0.000 0.000 0.000 0.000 0.000 0.000 19933.000 0.000 0.000 0.000 0.000 0.000 0.000 0.000 19933.000 0.000 0.000 0.000 0.000 0.000 0.000 0.000 19933.000 0.000 0.000 0.000 0.000
0.000 0.000 0.000 0.000 0.000 0.000 0.000 0.000 0.000 0.000 0.000 0.000 -19933.000 19933.000 19933.000 19933.000 0.000 0.000 0.000 0.000 19933.000 0.000 0.000 0.000 0.000 0.000 0.000 0.000 19933.000 0.000 0.000 0.000 0.000 0.000 0.000 0.000 19933.000 0.000 0.000 0.000 0.000 0.000 0.000 0.000 19933.000 0.000 0.000 0.000 0.000 0.000 0.000 0.000 19933.000 0.000 0.000 0.000 0.000 0.000 0.000 0.000 19933.000 0.000 0.000 0.000
0.000 0.000 0.000 0.000 0.000 0.000 0.000 0.000 0.000 0.000 0.000 0.000 0.000 -19933.000 19933.000 19933.000 0.000 0.000 0.000 0.000 0.000 19933.000 0.000 0.000 0.000 0.000 0.000 0.000 0.000 19933.000 0.000 0.000 0.000 0.000 0.000 0.000 0.000 19933.000 0.000 0.000 0.000 0.000 0.000 0.000 0.000 19933.000 0.000 0.000 0.000 0.000 0.000 0.000 0.000 19933.000 0.000 0.000 0.000 0.000 0.000 0.000 0.000 19933.000 0.000 0.000
0.000 0.000 0.000 0.000 0.000 0.000 0.000 0.000 0.000 0.000 0.000 0.000 0.000 0.000 -19933.000 19933.000 0.000 0.000 0.000 0.000 0.000 0.000 19933.000 0.000 0.000 0.000 0.000 0.000 0.000 0.000 19933.000 0.000 0.000 0.000 0.000 0.000 0.000 0.000 19933.000 0.000 0.000 0.000 0.000 0.000 0.000 0.000 19933.000 0.000 0.000 0.000 0.000 0.000 0.000 0.000 19933.000 0.000 0.000 0.000 0.000 0.000 0.000 0.000 19933.000 0.000
0.000 0.000 0.000 0.000 0.000 0.000 0.000 0.000 0.000 0.000 0.000 0.000 0.000 0.000 0.000 -19933.000 0.000 0.000 0.000 0.000 0.000 0.000 0.000 19933.000 0.000 0.000 0.000 0.000 0.000 0.000 0.000 19933.000 0.000 0.000 0.000 0.000 0.000 0.000 0.000 19933.000 0.000 0.000 0.000 0.000 0.000 0.000 0.000 19933.000 0.000 0.000 0.000 0.000 0.000 0.000 0.000 19933.000 0.000 0.000 0.000 0.000 0.000 0.000 0.000 19933.000
0.000 0.000 0.000 0.000 0.000 0.000 0.000 0.000 0.000 0.000 0.000 0.000 0.000 0.000 0.000 0.000 -19933.000 19933.000 19933.000 19933.000 19933.000 19933.000 19933.000 19933.000 19933.000 0.000 0.000 0.000 0.000 0.000 0.000 0.000 19933.000 0.000 0.000 0.000 0.000 0.000 0.000 0.000 19933.000 0.000 0.000 0.000 0.000 0.000 0.000 0.000 19933.000 0.000 0.000 0.000 0.000 0.000 0.000 0.000 19933.000 0.000 0.000 0.000 0.000 0.000 0.000 0.000
0.000 0.000 0.000 0.000 0.000 0.000 0.000 0.000 0.000 0.000 0.000 0.000 0.000 0.000 0.000 0.000 0.000 -19933.000 19933.000 19933.000 19933.000 19933.000 19933.000 19933.000 0.000 19933.000 0.000 0.000 0.000 0.000 0.000 0.000 0.000 19933.000 0.000 0.000 0.000 0.000 0.000 0.000 0.000 19933.000 0.000 0.000 0.000 0.000 0.000 0.000 0.000 19933.000 0.000 0.000 0.000 0.000 0.000 0.000 0.000 19933.000 0.000 0.000 0.000 0.000 0.000 0.000
0.000 0.000 0.000 0.000 0.000 0.000 0.000 0.000 0.000 0.000 0.000 0.000 0.000 0.000 0.000 0.000 0.000 0.000 -19933.000 19933.000 19933.000 19933.000 19933.000 19933.000 0.000 0.000 19933.000 0.000 0.000 0.000 0.000 0.000 0.000 0.000 19933.000 0.000 0.000 0.000 0.000 0.000 0.000 0.000 19933.000 0.000 0.000 0.000 0.000 0.000 0.000 0.000 19933.000 0.000 0.000 0.000 0.000 0.000 0.000 0.000 19933.000 0.000 0.000 0.000 0.000 0.000
0.000 0.000 0.000 0.000 0.000 0.000 0.000 0.000 0.000 0.000 0.000 0.000 0.000 0.000 0.000 0.000 0.000 0.000 0.000 -19933.000 19933.000 19933.000 19933.000 19933.000 0.000 0.000 0.000 19933.000 0.000 0.000 0.000 0.000 0.000 0.000 0.000 19933.000 0.000 0.000 0.000 0.000 0.000 0.000 0.000 19933.000 0.000 0.000 0.000 0.000 0.000 0.000 0.000 19933.000 0.000 0.000 0.000 0.000 0.000 0.000 0.000 19933.000 0.000 0.000 0.000 0.000
0.000 0.000 0.000 0.000 0.000 0.000 0.000 0.000 0.000 0.000 0.000 0.000 0.000 0.000 0.000 0.000 0.000 0.000 0.000 0.000 -19933.000 19933.000 19933.000 19933.000 0.000 0.000 0.000 0.000 19933.000 0.000 0.000 0.000 0.000 0.000 0.000 0.000 19933.000 0.000 0.000 0.000 0.000 0.000 0.000 0.000 19933.000 0.000 0.000 0.000 0.000 0.000 0.000 0.000 19933.000 0.000 0.000 0.000 0.000 0.000 0.000 0.000 19933.000 0.000 0.000 0.000
0.000 0.000 0.000 0.000 0.000 0.000 0.000 0.000 0.000 0.000 0.000 0.000 0.000 0.000 0.000 0.000 0.000 0.000 0.000 0.000 0.000 -19933.000 19933.000 19933.000 0.000 0.000 0.000 0.000 0.000 19933.000 0.000 0.000 0.000 0.000 0.000 0.000 0.000 19933.000 0.000 0.000 0.000 0.000 0.000 0.000 0.000 19933.000 0.000 0.000 0.000 0.000 0.000 0.000 0.000 19933.000 0.000 0.000 0.000 0.000 0.000 0.000 0.000 19933.000 0.000 0.000
0.000 0.000 0.000 0.000 0.000 0.000 0.000 0.000 0.000 0.000 0.000 0.000 0.000 0.000 0.000 0.000 0.000 0.000 0.000 0.000 0.000 0.000 -19933.000 19933.000 0.000 0.000 0.000 0.000 0.000 0.000 19933.000 0.000 0.000 0.000 0.000 0.000 0.000 0.000 19933.000 0.000 0.000 0.000 0.000 0.000 0.000 0.000 19933.000 0.000 0.000 0.000 0.000 0.000 0.000 0.000 19933.000 0.000 0.000 0.000 0.000 0.000 0.000 0.000 19933.000 0.000
0.000 0.000 0.000 0.000 0.000 0.000 0.000 0.000 0.000 0.000 0.000 0.000 0.000 0.000 0.000 0.000 0.000 0.000 0.000 0.000 0.000 0.000 0.000 -19933.000 0.000 0.000 0.000 0.000 0.000 0.000 0.000 19933.000 0.000 0.000 0.000 0.000 0.000 0.000 0.000 19933.000 0.000 0.000 0.000 0.000 0.000 0.000 0.000 19933.000 0.000 0.000 0.000 0.000 0.000 0.000 0.000 19933.000 0.000 0.000 0.000 0.000 0.000 0.000 0.000 19933.000
0.000 0.000 0.000 0.000 0.000 0.000 0.000 0.000 0.000 0.000 0.000 0.000 0.000 0.000 0.000 0.000 0.000 0.000 0.000 0.000 0.000 0.000 0.000 0.000 -19933.000 19933.000 19933.000 19933.000 19933.000 19933.000 19933.000 19933.000 19933.000 0.000 0.000 0.000 0.000 0.000 0.000 0.000 19933.000 0.000 0.000 0.000 0.000 0.000 0.000 0.000 19933.000 0.000 0.000 0.000 0.000 0.000 0.000 0.000 19933.000 0.000 0.000 0.000 0.000 0.000 0.000 0.000
0.000 0.000 0.000 0.000 0.000 0.000 0.000 0.000 0.000 0.000 0.000 0.000 0.000 0.000 0.000 0.000 0.000 0.000 0.000 0.000 0.000 0.000 0.000 0.000 0.000 -19933.000 19933.000 19933.000 19933.000 19933.000 19933.000 19933.000 0.000 19933.000 0.000 0.000 0.000 0.000 0.000 0.000 0.000 19933.000 0.000 0.000 0.000 0.000 0.000 0.000 0.000 19933.000 0.000 0.000 0.000 0.000 0.000 0.000 0.000 19933.000 0.000 0.000 0.000 0.000 0.000 0.000
0.000 0.000 0.000 0.000 0.000 0.000 0.000 0.000 0.000 0.000 0.000 0.000 0.000 0.000 0.000 0.000 0.000 0.000 0.000 0.000 0.000 0.000 0.000 0.000 0.000 0.000 -19933.000 19933.000 19933.000 19933.000 19933.000 19933.000 0.000 0.000 19933.000 0.000 0.000 0.000 0.000 0.000 0.000 0.000 19933.000 0.000 0.000 0.000 0.000 0.000 0.000 0.000 19933.000 0.000 0.000 0.000 0.000 0.000 0.000 0.000 19933.000 0.000 0.000 0.000 0.000 0.000
0.000 0.000 0.000 0.000 0.000 0.000 0.000 0.000 0.000 0.000 0.000 0.000 0.000 0.000 0.000 0.000 0.000 0.000 0.000 0.000 0.000 0.000 0.000 0.000 0.000 0.000 0.000 -19933.000 19933.000 19933.000 19933.000 19933.000 0.000 0.000 0.000 19933.000 0.000 0.000 0.000 0.000 0.000 0.000 0.000 19933.000 0.000 0.000 0.000 0.000 0.000 0.000 0.000 19933.000 0.000 0.000 0.000 0.000 0.000 0.000 0.000 19933.000 0.000 0.000 0.000 0.000
0.000 0.000 0.000 0.000 0.000 0.000 0.000 0.000 0.000 0.000 0.000 0.000 0.000 0.000 0.000 0.000 0.000 0.000 0.000 0.000 0.000 0.000 0.000 0.000 0.000 0.000 0.000 0.000 -19933.000 19933.000 19933.000 19933.000 0.000 0.000 0.000 0.000 19933.000 0.000 0.000 0.000 0.000 0.000 0.000 0.000 19933.000 0.000 0.000 0.000 0.000 0.000 0.000 0.000 19933.000 0.000 0.000 0.000 0.000 0.000 0.000 0.000 19933.000 0.000 0.000 0.000
0.000 0.000 0.000 0.000 0.000 0.000 0.000 0.000 0.000 0.000 0.000 0.000 0.000 0.000 0.000 0.000 0.000 0.000 0.000 0.000 0.000 0.000 0.000 0.000 0.000 0.000 0.000 0.000 0.000 -19933.000 19933.000 19933.000 0.000 0.000 0.000 0.000 0.000 19933.000 0.000 0.000 0.000 0.000 0.000 0.000 0.000 19933.000 0.000 0.000 0.000 0.000 0.000 0.000 0.000 19933.000 0.000 0.000 0.000 0.000 0.000 0.000 0.000 19933.000 0.000 0.000
0.000 0.000 0.000 0.000 0.000 0.000 0.000 0.000 0.000 0.000 0.000 0.000 0.000 0.000 0.000 0.000 0.000 0.000 0.000 0.000 0.000 0.000 0.000 0.000 0.000 0.000 0.000 0.000 0.000 0.000 -19933.000 19933.000 0.000 0.000 0.000 0.000 0.000 0.000 19933.000 0.000 0.000 0.000 0.000 0.000 0.000 0.000 19933.000 0.000 0.000 0.000 0.000 0.000 0.000 0.000 19933.000 0.000 0.000 0.000 0.000 0.000 0.000 0.000 19933.000 0.000
0.000 0.000 0.000 0.000 0.000 0.000 0.000 0.000 0.000 0.000 0.000 0.000 0.000 0.000 0.000 0.000 0.000 0.000 0.000 0.000 0.000 0.000 0.000 0.000 0.000 0.000 0.000 0.000 0.000 0.000 0.000 -19933.000 0.000 0.000 0.000 0.000 0.000 0.000 0.000 19933.000 0.000 0.000 0.000 0.000 0.000 0.000 0.000 19933.000 0.000 0.000 0.000 0.000 0.000 0.000 0.000 19933.000 0.000 0.000 0.000 0.000 0.000 0.000 0.000 19933.000
0.000 0.000 0.000 0.000 0.000 0.000 0.000 0.000 0.000 0.000 0.000 0.000 0.000 0.000 0.000 0.000 0.000 0.000 0.000 0.000 0.000 0.000 0.000 0.000 0.000 0.000 0.000 0.000 0.000 0.000 0.000 0.000 -19933.000 19933.000 19933.000 19933.000 19933.000 19933.000 19933.000 19933.000 19933.000 0.000 0.000 0.000 0.000 0.000 0.000 0.000 19933.000 0.000 0.000 0.000 0.000 0.000 0.000 0.000 19933.000 0.000 0.000 0.000 0.000 0.000 0.000 0.000
0.000 0.000 0.000 0.000 0.000 0.000 0.000 0.000 0.000 0.000 0.000 0.000 0.000 0.000 0.000 0.000 0.000 0.000 0.000 0.000 0.000 0.000 0.000 0.000 0.000 0.000 0.000 0.000 0.000 0.000 0.000 0.000 0.000 -19933.000 19933.000 19933.000 19933.000 19933.000 19933.000 19933.000 0.000 19933.000 0.000 0.000 0.000 0.000 0.000 0.000 0.000 19933.000 0.000 0.000 0.000 0.000 0.000 0.000 0.000 19933.000 0.000 0.000 0.000 0.000 0.000 0.000
0.000 0.000 0.000 0.000 0.000 0.000 0.000 0.000 0.000 0.000 0.000 0.000 0.000 0.000 0.000 0.000 0.000 0.000 0.000 0.000 0.000 0.000 0.000 0.000 0.000 0.000 0.000 0.000 0.000 0.000 0.000 0.000 0.000 0.000 -19933.000 19933.000 19933.000 19933.000 19933.000 19933.000 0.000 0.000 19933.000 0.000 0.000 0.000 0.000 0.000 0.000 0.000 19933.000 0.000 0.000 0.000 0.000 0.000 0.000 0.000 19933.000 0.000 0.000 0.000 0.000 0.000
0.000 0.000 0.000 0.000 0.000 0.000 0.000 0.000 0.000 0.000 0.000 0.000 0.000 0.000 0.000 0.000 0.000 0.000 0.000 0.000 0.000 0.000 0.000 0.000 0.000 0.000 0.000 0.000 0.000 0.000 0.000 0.000 0.000 0.000 0.000 -19933.000 19933.000 19933.000 19933.000 19933.000 0.000 0.000 0.000 19933.000 0.000 0.000 0.000 0.000 0.000 0.000 0.000 19933.000 0.000 0.000 0.000 0.000 0.000 0.000 0.000 19933.000 0.000 0.000 0.000 0.000
0.000 0.000 0.000 0.000 0.000 0.000 0.000 0.000 0.000 0.000 0.000 0.000 0.000 0.000 0.000 0.000 0.000 0.000 0.000 0.000 0.000 0.000 0.000 0.000 0.000 0.000 0.000 0.000 0.000 0.000 0.000 0.000 0.000 0.000 0.000 0.000 -19933.000 19933.000 19933.000 19933.000 0.000 0.000 0.000 0.000 19933.000 0.000 0.000 0.000 0.000 0.000 0.000 0.000 19933.000 0.000 0.000 0.000 0.000 0.000 0.000 0.000 19933.000 0.000 0.000 0.000
0.000 0.000 0.000 0.000 0.000 0.000 0.000 0.000 0.000 0.000 0.000 0.000 0.000 0.000 0.000 0.000 0.000 0.000 0.000 0.000 0.000 0.000 0.000 0.000 0.000 0.000 0.000 0.000 0.000 0.000 0.000 0.000 0.000 0.000 0.000 0.000 0.000 -19933.000 19933.000 19933.000 0.000 0.000 0.000 0.000 0.000 19933.000 0.000 0.000 0.000 0.000 0.000 0.000 0.000 19933.000 0.000 0.000 0.000 0.000 0.000 0.000 0.000 19933.000 0.000 0.000
0.000 0.000 0.000 0.000 0.000 0.000 0.000 0.000 0.000 0.000 0.000 0.000 0.000 0.000 0.000 0.000 0.000 0.000 0.000 0.000 0.000 0.000 0.000 0.000 0.000 0.000 0.000 0.000 0.000 0.000 0.000 0.000 0.000 0.000 0.000 0.000 0.000 0.000 -19933.000 19933.000 0.000 0.000 0.000 0.000 0.000 0.000 19933.000 0.000 0.000 0.000 0.000 0.000 0.000 0.000 19933.000 0.000 0.000 0.000 0.000 0.000 0.000 0.000 19933.000 0.000
0.000 0.000 0.000 0.000 0.000 0.000 0.000 0.000 0.000 0.000 0.000 0.000 0.000 0.000 0.000 0.000 0.000 0.000 0.000 0.000 0.000 0.000 0.000 0.000 0.000 0.000 0.000 0.000 0.000 0.000 0.000 0.000 0.000 0.000 0.000 0.000 0.000 0.000 0.000 -19933.000 0.000 0.000 0.000 0.000 0.000 0.000 0.000 19933.000 0.000 0.000 0.000 0.000 0.000 0.000 0.000 19933.000 0.000 0.000 0.000 0.000 0.000 0.000 0.000 19933.000
0.000 0.000 0.000 0.000 0.000 0.000 0.000 0.000 0.000 0.000 0.000 0.000 0.000 0.000 0.000 0.000 0.000 0.000 0.000 0.000 0.000 0.000 0.000 0.000 0.000 0.000 0.000 0.000 0.000 0.000 0.000 0.000 0.000 0.000 0.000 0.000 0.000 0.000 0.000 0.000 -19933.000 19933.000 19933.000 19933.000 19933.000 19933.000 19933.000 19933.000 19933.000 0.000 0.000 0.000 0.000 0.000 0.000 0.000 19933.000 0.000 0.000 0.000 0.000 0.000 0.000 0.000
0.000 0.000 0.000 0.000 0.000 0.000 0.000 0.000 0.000 0.000 0.000 0.000 0.000 0.000 0.000 0.000 0.000 0.000 0.000 0.000 0.000 0.000 0.000 0.000 0.000 0.000 0.000 0.000 0.000 0.000 0.000 0.000 0.000 0.000 0.000 0.000 0.000 0.000 0.000 0.000 0.000 -19933.000 19933.000 19933.000 19933.000 19933.000 19933.000 19933.000 0.000 19933.000 0.000 0.000 0.000 0.000 0.000 0.000 0.000 19933.000 0.000 0.000 0.000 0.000 0.000 0.000
0.000 0.000 0.000 0.000 0.000 0.000 0.000 0.000 0.000 0.000 0.000 0.000 0.000 0.000 0.000 0.000 0.000 0.000 0.000 0.000 0.000 0.000 0.000 0.000 0.000 0.000 0.000 0.000 0.000 0.000 0.000 0.000 0.000 0.000 0.000 0.000 0.000 0.000 0.000 0.000 0.000 0.000 -19933.000 19933.000 19933.000 19933.000 19933.000 19933.000 0.000 0.000 19933.000 0.000 0.000 0.000 0.000 0.000 0.000 0.000 19933.000 0.000 0.000 0.000 0.000 0.000
0.000 0.000 0.000 0.000 0.000 0.000 0.000 0.000 0.000 0.000 0.000 0.000 0.000 0.000 0.000 0.000 0.000 0.000 0.000 0.000 0.000 0.000 0.000 0.000 0.000 0.000 0.000 0.000 0.000 0.000 0.000 0.000 0.000 0.000 0.000 0.000 0.000 0.000 0.000 0.000 0.000 0.000 0.000 -19933.000 19933.000 19933.000 19933.000 19933.000 0.000 0.000 0.000 19933.000 0.000 0.000 0.000 0.000 0.000 0.000 0.000 19933.000 0.000 0.000 0.000 0.000
0.000 0.000 0.000 0.000 0.000 0.000 0.000 0.000 0.000 0.000 0.000 0.000 0.000 0.000 0.000 0.000 0.000 0.000 0.000 0.000 0.000 0.000 0.000 0.000 0.000 0.000 0.000 0.000 0.000 0.000 0.000 0.000 0.000 0.000 0.000 0.000 0.000 0.000 0.000 0.000 0.000 0.000 0.000 0.000 -19933.000 19933.000 19933.000 19933.000 0.000 0.000 0.000 0.000 19933.000 0.000 0.000 0.000 0.000 0.000 0.000 0.000 19933.000 0.000 0.000 0.000
0.000 0.000 0.000 0.000 0.000 0.000 0.000 0.000 0.000 0.000 0.000 0.000 0.000 0.000 0.000 0.000 0.000 0.000 0.000 0.000 0.000 0.000 0.000 0.000 0.000 0.000 0.000 0.000 0.000 0.000 0.000 0.000 0.000 0.000 0.000 0.000 0.000 0.000 0.000 0.000 0.000 0.000 0.000 0.000 0.000 -19933.000 19933.000 19933.000 0.000 0.000 0.000 0.000 0.000 19933.000 0.000 0.000 0.000 0.000 0.000 0.000 0.000 19933.000 0.000 0.000
0.000 0.000 0.000 0.000 0.000 0.000 0.000 0.000 0.000 0.000 0.000 0.000 0.000 0.000 0.000 0.000 0.000 0.000 0.000 0.000 0.000 0.000 0.000 0.000 0.000 0.000 0.000 0.000 0.000 0.000 0.000 0.000 0.000 0.000 0.000 0.000 0.000 0.000 0.000 0.000 0.000 0.000 0.000 0.000 0.000 0.000 -19933.000 19933.000 0.000 0.000 0.000 0.000 0.000 0.000 19933.000 0.000 0.000 0.000 0.000 0.000 0.000 0.000 19933.000 0.000
0.000 0.000 0.000 0.000 0.000 0.000 0.000 0.000 0.000 0.000 0.000 0.000 0.000 0.000 0.000 0.000 0.000 0.000 0.000 0.000 0.000 0.000 0.000 0.000 0.000 0.000 0.000 0.000 0.000 0.000 0.000 0.000 0.000 0.000 0.000 0.000 0.000 0.000 0.000 0.000 0.000 0.000 0.000 0.000 0.000 0.000 0.000 -19933.000 0.000 0.000 0.000 0.000 0.000 0.000 0.000 19933.000 0.000 0.000 0.000 0.000 0.000 0.000 0.000 19933.000
0.000 0.000 0.000 0.000 0.000 0.000 0.000 0.000 0.000 0.000 0.000 0.000 0.000 0.000 0.000 0.000 0.000 0.000 0.000 0.000 0.000 0.000 0.000 0.000 0.000 0.000 0.000 0.000 0.000 0.000 0.000 0.000 0.000 0.000 0.000 0.000 0.000 0.000 0.000 0.000 0.000 0.000 0.000 0.000 0.000 0.000 0.000 0.000 -19933.000 19933.000 19933.000 19933.000 19933.000 19933.000 19933.000 19933.000 19933.000 0.000 0.000 0.000 0.000 0.000 0.000 0.000
0.000 0.000 0.000 0.000 0.000 0.000 0.000 0.000 0.000 0.000 0.000 0.000 0.000 0.000 0.000 0.000 0.000 0.000 0.000 0.000 0.000 0.000 0.000 0.000 0.000 0.000 0.000 0.000 0.000 0.000 0.000 0.000 0.000 0.000 0.000 0.000 0.000 0.000 0.000 0.000 0.000 0.000 0.000 0.000 0.000 0.000 0.000 0.000 0.000 -19933.000 19933.000 19933.000 19933.000 19933.000 19933.000 19933.000 0.000 19933.000 0.000 0.000 0.000 0.000 0.000 0.000
0.000 0.000 0.000 0.000 0.000 0.000 0.000 0.000 0.000 0.000 0.000 0.000 0.000 0.000 0.000 0.000 0.000 0.000 0.000 0.000 0.000 0.000 0.000 0.000 0.000 0.000 0.000 0.000 0.000 0.000 0.000 0.000 0.000 0.000 0.000 0.000 0.000 0.000 0.000 0.000 0.000 0.000 0.000 0.000 0.000 0.000 0.000 0.000 0.000 0.000 -19933.000 19933.000 19933.000 19933.000 19933.000 19933.000 0.000 0.000 19933.000 0.000 0.000 0.000 0.000 0.000
0.000 0.000 0.000 0.000 0.000 0.000 0.000 0.000 0.000 0.000 0.000 0.000 0.000 0.000 0.000 0.000 0.000 0.000 0.000 0.000 0.000 0.000 0.000 0.000 0.000 0.000 0.000 0.000 0.000 0.000 0.000 0.000 0.000 0.000 0.000 0.000 0.000 0.000 0.000 0.000 0.000 0.000 0.000 0.000 0.000 0.000 0.000 0.000 0.000 0.000 0.000 -19933.000 19933.000 19933.000 19933.000 19933.000 0.000 0.000 0.000 19933.000 0.000 0.000 0.000 0.000
0.000 0.000 0.000 0.000 0.000 0.000 0.000 0.000 0.000 0.000 0.000 0.000 0.000 0.000 0.000 0.000 0.000 0.000 0.000 0.000 0.000 0.000 0.000 0.000 0.000 0.000 0.000 0.000 0.000 0.000 0.000 0.000 0.000 0.000 0.000 0.000 0.000 0.000 0.000 0.000 0.000 0.000 0.000 0.000 0.000 0.000 0.000 0.000 0.000 0.000 0.000 0.000 -19933.000 19933.000 19933.000 19933.000 0.000 0.000 0.000 0.000 19933.000 0.000 0.000 0.000
0.000 0.000 0.000 0.000 0.000 0.000 0.000 0.000 0.000 0.000 0.000 0.000 0.000 0.000 0.000 0.000 0.000 0.000 0.000 0.000 0.000 0.000 0.000 0.000 0.000 0.000 0.000 0.000 0.000 0.000 0.000 0.000 0.000 0.000 0.000 0.000 0.000 0.000 0.000 0.000 0.000 0.000 0.000 0.000 0.000 0.000 0.000 0.000 0.000 0.000 0.000 0.000 0.000 -19933.000 19933.000 19933.000 0.000 0.000 0.000 0.000 0.000 19933.000 0.000 0.000
0.000 0.000 0.000 0.000 0.000 0.000 0.000 0.000 0.000 0.000 0.000 0.000 0.000 0.000 0.000 0.000 0.000 0.000 0.000 0.000 0.000 0.000 0.000 0.000 0.000 0.000 0.000 0.000 0.000 0.000 0.000 0.000 0.000 0.000 0.000 0.000 0.000 0.000 0.000 0.000 0.000 0.000 0.000 0.000 0.000 0.000 0.000 0.000 0.000 0.000 0.000 0.000 0.000 0.000 -19933.000 19933.000 0.000 0.000 0.000 0.000 0.000 0.000 19933.000 0.000
0.000 0.000 0.000 0.000 0.000 0.000 0.000 0.000 0.000 0.000 0.000 0.000 0.000 0.000 0.000 0.000 0.000 0.000 0.000 0.000 0.000 0.000 0.000 0.000 0.000 0.000 0.000 0.000 0.000 0.000 0.000 0.000 0.000 0.000 0.000 0.000 0.000 0.000 0.000 0.000 0.000 0.000 0.000 0.000 0.000 0.000 0.000 0.000 0.000 0.000 0.000 0.000 0.000 0.000 0.000 -19933.000 0.000 0.000 0.000 0.000 0.000 0.000 0.000 19933.000
0.000 0.000 0.000 0.000 0.000 0.000 0.000 0.000 0.000 0.000 0.000 0.000 0.000 0.000 0.000 0.000 0.000 0.000 0.000 0.000 0.000 0.000 0.000 0.000 0.000 0.000 0.000 0.000 0.000 0.000 0.000 0.000 0.000 0.000 0.000 0.000 0.000 0.000 0.000 0.000 0.000 0.000 0.000 0.000 0.000 0.000 0.000 0.000 0.000 0.000 0.000 0.000 0.000 0.000 0.000 0.000 -19933.000 19933.000 19933.000 19933.000 19933.000 19933.000 19933.000 19933.000
0.000 0.000 0.000 0.000 0.000 0.000 0.000 0.000 0.000 0.000 0.000 0.000 0.000 0.000 0.000 0.000 0.000 0.000 0.000 0.000 0.000 0.000 0.000 0.000 0.000 0.000 0.000 0.000 0.000 0.000 0.000 0.000 0.000 0.000 0.000 0.000 0.000 0.000 0.000 0.000 0.000 0.000 0.000 0.000 0.000 0.000 0.000 0.000 0.000 0.000 0.000 0.000 0.000 0.000 0.000 0.000 0.000 -19933.000 19933.000 19933.000 19933.000 19933.000 19933.000 19933.000
0.000 0.000 0.000 0.000 0.000 0.000 0.000 0.000 0.000 0.000 0.000 0.000 0.000 0.000 0.000 0.000 0.000 0.000 0.000 0.000 0.000 0.000 0.000 0.000 0.000 0.000 0.000 0.000 0.000 0.000 0.000 0.000 0.000 0.000 0.000 0.000 0.000 0.000 0.000 0.000 0.000 0.000 0.000 0.000 0.000 0.000 0.000 0.000 0.000 0.000 0.000 0.000 0.000 0.000 0.000 0.000 0.000 0.000 -19933.000 19933.000 19933.000 19933.000 19933.000 19933.000
0.000 0.000 0.000 0.000 0.000 0.000 0.000 0.000 0.000 0.000 0.000 0.000 0.000 0.000 0.000 0.000 0.000 0.000 0.000 0.000 0.000 0.000 0.000 0.000 0.000 0.000 0.000 0.000 0.000 0.000 0.000 0.000 0.000 0.000 0.000 0.000 0.000 0.000 0.000 0.000 0.000 0.000 0.000 0.000 0.000 0.000 0.000 0.000 0.000 0.000 0.000 0.000 0.000 0.000 0.000 0.000 0.000 0.000 0.000 -19933.000 19933.000 19933.000 19933.000 19933.000
0.000 0.000 0.000 0.000 0.000 0.000 0.000 0.000 0.000 0.000 0.000 0.000 0.000 0.000 0.000 0.000 0.000 0.000 0.000 0.000 0.000 0.000 0.000 0.000 0.000 0.000 0.000 0.000 0.000 0.000 0.000 0.000 0.000 0.000 0.000 0.000 0.000 0.000 0.000 0.000 0.000 0.000 0.000 0.000 0.000 0.000 0.000 0.000 0.000 0.000 0.000 0.000 0.000 0.000 0.000 0.000 0.000 0.000 0.000 0.000 -19933.000 19933.000 19933.000 19933.000
0.000 0.000 0.000 0.000 0.000 0.000 0.000 0.000 0.000 0.000 0.000 0.000 0.000 0.000 0.000 0.000 0.000 0.000 0.000 0.000 0.000 0.000 0.000 0.000 0.000 0.000 0.000 0.000 0.000 0.000 0.000 0.000 0.000 0.000 0.000 0.000 0.000 0.000 0.000 0.000 0.000 0.000 0.000 0.000 0.000 0.000 0.000 0.000 0.000 0.000 0.000 0.000 0.000 0.000 0.000 0.000 0.000 0.000 0.000 0.000 0.000 -19933.000 19933.000 19933.000
0.000 0.000 0.000 0.000 0.000 0.000 0.000 0.000 0.000 0.000 0.000 0.000 0.000 0.000 0.000 0.000 0.000 0.000 0.000 0.000 0.000 0.000 0.000 0.000 0.000 0.000 0.000 0.000 0.000 0.000 0.000 0.000 0.000 0.000 0.000 0.000 0.000 0.000 0.000 0.000 0.000 0.000 0.000 0.000 0.000 0.000 0.000 0.000 0.000 0.000 0.000 0.000 0.000 0.000 0.000 0.000 0.000 0.000 0.000 0.000 0.000 0.000 -19933.000 19933.000
0.000 0.000 0.000 0.000 0.000 0.000 0.000 0.000 0.000 0.000 0.000 0.000 0.000 0.000 0.000 0.000 0.000 0.000 0.000 0.000 0.000 0.000 0.000 0.000 0.000 0.000 0.000 0.000 0.000 0.000 0.000 0.000 0.000 0.000 0.000 0.000 0.000 0.000 0.000 0.000 0.000 0.000 0.000 0.000 0.000 0.000 0.000 0.000 0.000 0.000 0.000 0.000 0.000 0.000 0.000 0.000 0.000 0.000 0.000 0.000 0.000 0.000 0.000 -19933.000
