-1000 1004 1008 1012 1000 1004 1008 1012 1000 3 6 9 0 3 6 9 1000 3 6 9 0 3 6 9 1000 3 6 9 0 3 6 9 1000 3 6 9 0 3 6 9 1000 0 0 0 0 0 0 0 1000 0 0 0 0 0 0 0 1000 0 0 0 0 0 0 0
0 -996 1004 1008 1004 1000 1004 1008 3 1003 3 6 3 0 3 6 3 1003 3 6 3 0 3 6 3 1003 3 6 3 0 3 6 3 1003 3 6 3 0 3 6 0 1000 0 0 0 0 0 0 0 1000 0 0 0 0 0 0 0 1000 0 0 0 0 0 0
0 0 -992 1004 1008 1004 1000 1004 6 3 1006 3 6 3 0 3 6 3 1006 3 6 3 0 3 6 3 1006 3 6 3 0 3 6 3 1006 3 6 3 0 3 0 0 1000 0 0 0 0 0 0 0 1000 0 0 0 0 0 0 0 1000 0 0 0 0 0
0 0 0 -988 1012 1008 1004 1000 9 6 3 1009 9 6 3 0 9 6 3 1009 9 6 3 0 9 6 3 1009 9 6 3 0 9 6 3 1009 9 6 3 0 0 0 0 1000 0 0 0 0 0 0 0 1000 0 0 0 0 0 0 0 1000 0 0 0 0
0 0 0 0 -1000 1004 1008 1012 0 3 6 9 1000 3 6 9 0 3 6 9 1000 3 6 9 0 3 6 9 1000 3 6 9 0 3 6 9 1000 3 6 9 0 0 0 0 1000 0 0 0 0 0 0 0 1000 0 0 0 0 0 0 0 1000 0 0 0
0 0 0 0 0 -996 1004 1008 3 0 3 6 3 1003 3 6 3 0 3 6 3 1003 3 6 3 0 3 6 3 1003 3 6 3 0 3 6 3 1003 3 6 0 0 0 0 0 1000 0 0 0 0 0 0 0 1000 0 0 0 0 0 0 0 1000 0 0
0 0 0 0 0 0 -992 1004 6 3 0 3 6 3 1006 3 6 3 0 3 6 3 1006 3 6 3 0 3 6 3 1006 3 6 3 0 3 6 3 1006 3 0 0 0 0 0 0 1000 0 0 0 0 0 0 0 1000 0 0 0 0 0 0 0 1000 0
0 0 0 0 0 0 0 -988 9 6 3 0 9 6 3 1009 9 6 3 0 9 6 3 1009 9 6 3 0 9 6 3 1009 9 6 3 0 9 6 3 1009 0 0 0 0 0 0 0 1000 0 0 0 0 0 0 0 1000 0 0 0 0 0 0 0 1000
0 0 0 0 0 0 0 0 -1000 1004 1008 1012 1000 1004 1008 1012 1000 0 0 0 0 0 0 0 1000 0 0 0 0 0 0 0 1000 0 0 0 0 0 0 0 1000 2 4 6 0 2 4 6 1000 2 4 6 0 2 4 6 1000 0 0 0 0 0 0 0
0 0 0 0 0 0 0 0 0 -996 1004 1008 1004 1000 1004 1008 0 1000 0 0 0 0 0 0 0 1000 0 0 0 0 0 0 0 1000 0 0 0 0 0 0 2 1002 2 4 2 0 2 4 2 1002 2 4 2 0 2 4 0 1000 0 0 0 0 0 0
0 0 0 0 0 0 0 0 0 0 -992 1004 1008 1004 1000 1004 0 0 1000 0 0 0 0 0 0 0 1000 0 0 0 0 0 0 0 1000 0 0 0 0 0 4 2 1004 2 4 2 0 2 4 2 1004 2 4 2 0 2 0 0 1000 0 0 0 0 0
0 0 0 0 0 0 0 0 0 0 0 -988 1012 1008 1004 1000 0 0 0 1000 0 0 0 0 0 0 0 1000 0 0 0 0 0 0 0 1000 0 0 0 0 6 4 2 1006 6 4 2 0 6 4 2 1006 6 4 2 0 0 0 0 1000 0 0 0 0
0 0 0 0 0 0 0 0 0 0 0 0 -1000 1004 1008 1012 0 0 0 0 1000 0 0 0 0 0 0 0 1000 0 0 0 0 0 0 0 1000 0 0 0 0 2 4 6 1000 2 4 6 0 2 4 6 1000 2 4 6 0 0 0 0 1000 0 0 0
0 0 0 0 0 0 0 0 0 0 0 0 0 -996 1004 1008 0 0 0 0 0 1000 0 0 0 0 0 0 0 1000 0 0 0 0 0 0 0 1000 0 0 2 0 2 4 2 1002 2 4 2 0 2 4 2 1002 2 4 0 0 0 0 0 1000 0 0
0 0 0 0 0 0 0 0 0 0 0 0 0 0 -992 1004 0 0 0 0 0 0 1000 0 0 0 0 0 0 0 1000 0 0 0 0 0 0 0 1000 0 4 2 0 2 4 2 1004 2 4 2 0 2 4 2 1004 2 0 0 0 0 0 0 1000 0
0 0 0 0 0 0 0 0 0 0 0 0 0 0 0 -988 0 0 0 0 0 0 0 1000 0 0 0 0 0 0 0 1000 0 0 0 0 0 0 0 1000 6 4 2 0 6 4 2 1006 6 4 2 0 6 4 2 1006 0 0 0 0 0 0 0 1000
0 0 0 0 0 0 0 0 0 0 0 0 0 0 0 0 -1000 1004 1008 1012 1000 1004 1008 1012 1000 0 0 0 0 0 0 0 1000 0 0 0 0 0 0 0 1000 2 4 6 0 2 4 6 1000 2 4 6 0 2 4 6 1000 0 0 0 0 0 0 0
0 0 0 0 0 0 0 0 0 0 0 0 0 0 0 0 0 -996 1004 1008 1004 1000 1004 1008 0 1000 0 0 0 0 0 0 0 1000 0 0 0 0 0 0 2 1002 2 4 2 0 2 4 2 1002 2 4 2 0 2 4 0 1000 0 0 0 0 0 0
0 0 0 0 0 0 0 0 0 0 0 0 0 0 0 0 0 0 -992 1004 1008 1004 1000 1004 0 0 1000 0 0 0 0 0 0 0 1000 0 0 0 0 0 4 2 1004 2 4 2 0 2 4 2 1004 2 4 2 0 2 0 0 1000 0 0 0 0 0
0 0 0 0 0 0 0 0 0 0 0 0 0 0 0 0 0 0 0 -988 1012 1008 1004 1000 0 0 0 1000 0 0 0 0 0 0 0 1000 0 0 0 0 6 4 2 1006 6 4 2 0 6 4 2 1006 6 4 2 0 0 0 0 1000 0 0 0 0
0 0 0 0 0 0 0 0 0 0 0 0 0 0 0 0 0 0 0 0 -1000 1004 1008 1012 0 0 0 0 1000 0 0 0 0 0 0 0 1000 0 0 0 0 2 4 6 1000 2 4 6 0 2 4 6 1000 2 4 6 0 0 0 0 1000 0 0 0
0 0 0 0 0 0 0 0 0 0 0 0 0 0 0 0 0 0 0 0 0 -996 1004 1008 0 0 0 0 0 1000 0 0 0 0 0 0 0 1000 0 0 2 0 2 4 2 1002 2 4 2 0 2 4 2 1002 2 4 0 0 0 0 0 1000 0 0
0 0 0 0 0 0 0 0 0 0 0 0 0 0 0 0 0 0 0 0 0 0 -992 1004 0 0 0 0 0 0 1000 0 0 0 0 0 0 0 1000 0 4 2 0 2 4 2 1004 2 4 2 0 2 4 2 1004 2 0 0 0 0 0 0 1000 0
0 0 0 0 0 0 0 0 0 0 0 0 0 0 0 0 0 0 0 0 0 0 0 -988 0 0 0 0 0 0 0 1000 0 0 0 0 0 0 0 1000 6 4 2 0 6 4 2 1006 6 4 2 0 6 4 2 1006 0 0 0 0 0 0 0 1000
0 0 0 0 0 0 0 0 0 0 0 0 0 0 0 0 0 0 0 0 0 0 0 0 -1000 1004 1008 1012 1000 1004 1008 1012 1000 0 0 0 0 0 0 0 1000 2 4 6 0 2 4 6 1000 2 4 6 0 2 4 6 1000 0 0 0 0 0 0 0
0 0 0 0 0 0 0 0 0 0 0 0 0 0 0 0 0 0 0 0 0 0 0 0 0 -996 1004 1008 1004 1000 1004 1008 0 1000 0 0 0 0 0 0 2 1002 2 4 2 0 2 4 2 1002 2 4 2 0 2 4 0 1000 0 0 0 0 0 0
0 0 0 0 0 0 0 0 0 0 0 0 0 0 0 0 0 0 0 0 0 0 0 0 0 0 -992 1004 1008 1004 1000 1004 0 0 1000 0 0 0 0 0 4 2 1004 2 4 2 0 2 4 2 1004 2 4 2 0 2 0 0 1000 0 0 0 0 0
0 0 0 0 0 0 0 0 0 0 0 0 0 0 0 0 0 0 0 0 0 0 0 0 0 0 0 -988 1012 1008 1004 1000 0 0 0 1000 0 0 0 0 6 4 2 1006 6 4 2 0 6 4 2 1006 6 4 2 0 0 0 0 1000 0 0 0 0
0 0 0 0 0 0 0 0 0 0 0 0 0 0 0 0 0 0 0 0 0 0 0 0 0 0 0 0 -1000 1004 1008 1012 0 0 0 0 1000 0 0 0 0 2 4 6 1000 2 4 6 0 2 4 6 1000 2 4 6 0 0 0 0 1000 0 0 0
0 0 0 0 0 0 0 0 0 0 0 0 0 0 0 0 0 0 0 0 0 0 0 0 0 0 0 0 0 -996 1004 1008 0 0 0 0 0 1000 0 0 2 0 2 4 2 1002 2 4 2 0 2 4 2 1002 2 4 0 0 0 0 0 1000 0 0
0 0 0 0 0 0 0 0 0 0 0 0 0 0 0 0 0 0 0 0 0 0 0 0 0 0 0 0 0 0 -992 1004 0 0 0 0 0 0 1000 0 4 2 0 2 4 2 1004 2 4 2 0 2 4 2 1004 2 0 0 0 0 0 0 1000 0
0 0 0 0 0 0 0 0 0 0 0 0 0 0 0 0 0 0 0 0 0 0 0 0 0 0 0 0 0 0 0 -988 0 0 0 0 0 0 0 1000 6 4 2 0 6 4 2 1006 6 4 2 0 6 4 2 1006 0 0 0 0 0 0 0 1000
0 0 0 0 0 0 0 0 0 0 0 0 0 0 0 0 0 0 0 0 0 0 0 0 0 0 0 0 0 0 0 0 -1000 1004 1008 1012 1000 1004 1008 1012 1000 2 4 6 0 2 4 6 1000 2 4 6 0 2 4 6 1000 0 0 0 0 0 0 0
0 0 0 0 0 0 0 0 0 0 0 0 0 0 0 0 0 0 0 0 0 0 0 0 0 0 0 0 0 0 0 0 0 -996 1004 1008 1004 1000 1004 1008 2 1002 2 4 2 0 2 4 2 1002 2 4 2 0 2 4 0 1000 0 0 0 0 0 0
0 0 0 0 0 0 0 0 0 0 0 0 0 0 0 0 0 0 0 0 0 0 0 0 0 0 0 0 0 0 0 0 0 0 -992 1004 1008 1004 1000 1004 4 2 1004 2 4 2 0 2 4 2 1004 2 4 2 0 2 0 0 1000 0 0 0 0 0
0 0 0 0 0 0 0 0 0 0 0 0 0 0 0 0 0 0 0 0 0 0 0 0 0 0 0 0 0 0 0 0 0 0 0 -988 1012 1008 1004 1000 6 4 2 1006 6 4 2 0 6 4 2 1006 6 4 2 0 0 0 0 1000 0 0 0 0
0 0 0 0 0 0 0 0 0 0 0 0 0 0 0 0 0 0 0 0 0 0 0 0 0 0 0 0 0 0 0 0 0 0 0 0 -1000 1004 1008 1012 0 2 4 6 1000 2 4 6 0 2 4 6 1000 2 4 6 0 0 0 0 1000 0 0 0
0 0 0 0 0 0 0 0 0 0 0 0 0 0 0 0 0 0 0 0 0 0 0 0 0 0 0 0 0 0 0 0 0 0 0 0 0 -996 1004 1008 2 0 2 4 2 1002 2 4 2 0 2 4 2 1002 2 4 0 0 0 0 0 1000 0 0
0 0 0 0 0 0 0 0 0 0 0 0 0 0 0 0 0 0 0 0 0 0 0 0 0 0 0 0 0 0 0 0 0 0 0 0 0 0 -992 1004 4 2 0 2 4 2 1004 2 4 2 0 2 4 2 1004 2 0 0 0 0 0 0 1000 0
0 0 0 0 0 0 0 0 0 0 0 0 0 0 0 0 0 0 0 0 0 0 0 0 0 0 0 0 0 0 0 0 0 0 0 0 0 0 0 -988 6 4 2 0 6 4 2 1006 6 4 2 0 6 4 2 1006 0 0 0 0 0 0 0 1000
0 0 0 0 0 0 0 0 0 0 0 0 0 0 0 0 0 0 0 0 0 0 0 0 0 0 0 0 0 0 0 0 0 0 0 0 0 0 0 0 -1000 1002 1004 1006 1000 1002 1004 1006 1000 0 0 0 0 0 0 0 1000 0 0 0 0 0 0 0
0 0 0 0 0 0 0 0 0 0 0 0 0 0 0 0 0 0 0 0 0 0 0 0 0 0 0 0 0 0 0 0 0 0 0 0 0 0 0 0 0 -998 1002 1004 1002 1000 1002 1004 0 1000 0 0 0 0 0 0 0 1000 0 0 0 0 0 0
0 0 0 0 0 0 0 0 0 0 0 0 0 0 0 0 0 0 0 0 0 0 0 0 0 0 0 0 0 0 0 0 0 0 0 0 0 0 0 0 0 0 -996 1002 1004 1002 1000 1002 0 0 1000 0 0 0 0 0 0 0 1000 0 0 0 0 0
0 0 0 0 0 0 0 0 0 0 0 0 0 0 0 0 0 0 0 0 0 0 0 0 0 0 0 0 0 0 0 0 0 0 0 0 0 0 0 0 0 0 0 -994 1006 1004 1002 1000 0 0 0 1000 0 0 0 0 0 0 0 1000 0 0 0 0
0 0 0 0 0 0 0 0 0 0 0 0 0 0 0 0 0 0 0 0 0 0 0 0 0 0 0 0 0 0 0 0 0 0 0 0 0 0 0 0 0 0 0 0 -1000 1002 1004 1006 0 0 0 0 1000 0 0 0 0 0 0 0 1000 0 0 0
0 0 0 0 0 0 0 0 0 0 0 0 0 0 0 0 0 0 0 0 0 0 0 0 0 0 0 0 0 0 0 0 0 0 0 0 0 0 0 0 0 0 0 0 0 -998 1002 1004 0 0 0 0 0 1000 0 0 0 0 0 0 0 1000 0 0
0 0 0 0 0 0 0 0 0 0 0 0 0 0 0 0 0 0 0 0 0 0 0 0 0 0 0 0 0 0 0 0 0 0 0 0 0 0 0 0 0 0 0 0 0 0 -996 1002 0 0 0 0 0 0 1000 0 0 0 0 0 0 0 1000 0
0 0 0 0 0 0 0 0 0 0 0 0 0 0 0 0 0 0 0 0 0 0 0 0 0 0 0 0 0 0 0 0 0 0 0 0 0 0 0 0 0 0 0 0 0 0 0 -994 0 0 0 0 0 0 0 1000 0 0 0 0 0 0 0 1000
0 0 0 0 0 0 0 0 0 0 0 0 0 0 0 0 0 0 0 0 0 0 0 0 0 0 0 0 0 0 0 0 0 0 0 0 0 0 0 0 0 0 0 0 0 0 0 0 -1000 1002 1004 1006 1000 1002 1004 1006 1000 0 0 0 0 0 0 0
0 0 0 0 0 0 0 0 0 0 0 0 0 0 0 0 0 0 0 0 0 0 0 0 0 0 0 0 0 0 0 0 0 0 0 0 0 0 0 0 0 0 0 0 0 0 0 0 0 -998 1002 1004 1002 1000 1002 1004 0 1000 0 0 0 0 0 0
0 0 0 0 0 0 0 0 0 0 0 0 0 0 0 0 0 0 0 0 0 0 0 0 0 0 0 0 0 0 0 0 0 0 0 0 0 0 0 0 0 0 0 0 0 0 0 0 0 0 -996 1002 1004 1002 1000 1002 0 0 1000 0 0 0 0 0
0 0 0 0 0 0 0 0 0 0 0 0 0 0 0 0 0 0 0 0 0 0 0 0 0 0 0 0 0 0 0 0 0 0 0 0 0 0 0 0 0 0 0 0 0 0 0 0 0 0 0 -994 1006 1004 1002 1000 0 0 0 1000 0 0 0 0
0 0 0 0 0 0 0 0 0 0 0 0 0 0 0 0 0 0 0 0 0 0 0 0 0 0 0 0 0 0 0 0 0 0 0 0 0 0 0 0 0 0 0 0 0 0 0 0 0 0 0 0 -1000 1002 1004 1006 0 0 0 0 1000 0 0 0
0 0 0 0 0 0 0 0 0 0 0 0 0 0 0 0 0 0 0 0 0 0 0 0 0 0 0 0 0 0 0 0 0 0 0 0 0 0 0 0 0 0 0 0 0 0 0 0 0 0 0 0 0 -998 1002 1004 0 0 0 0 0 1000 0 0
0 0 0 0 0 0 0 0 0 0 0 0 0 0 0 0 0 0 0 0 0 0 0 0 0 0 0 0 0 0 0 0 0 0 0 0 0 0 0 0 0 0 0 0 0 0 0 0 0 0 0 0 0 0 -996 1002 0 0 0 0 0 0 1000 0
0 0 0 0 0 0 0 0 0 0 0 0 0 0 0 0 0 0 0 0 0 0 0 0 0 0 0 0 0 0 0 0 0 0 0 0 0 0 0 0 0 0 0 0 0 0 0 0 0 0 0 0 0 0 0 -994 0 0 0 0 0 0 0 1000
0 0 0 0 0 0 0 0 0 0 0 0 0 0 0 0 0 0 0 0 0 0 0 0 0 0 0 0 0 0 0 0 0 0 0 0 0 0 0 0 0 0 0 0 0 0 0 0 0 0 0 0 0 0 0 0 -1000 1001 1002 1003 1000 1001 1002 1003
0 0 0 0 0 0 0 0 0 0 0 0 0 0 0 0 0 0 0 0 0 0 0 0 0 0 0 0 0 0 0 0 0 0 0 0 0 0 0 0 0 0 0 0 0 0 0 0 0 0 0 0 0 0 0 0 0 -999 1001 1002 1001 1000 1001 1002
0 0 0 0 0 0 0 0 0 0 0 0 0 0 0 0 0 0 0 0 0 0 0 0 0 0 0 0 0 0 0 0 0 0 0 0 0 0 0 0 0 0 0 0 0 0 0 0 0 0 0 0 0 0 0 0 0 0 -998 1001 1002 1001 1000 1001
0 0 0 0 0 0 0 0 0 0 0 0 0 0 0 0 0 0 0 0 0 0 0 0 0 0 0 0 0 0 0 0 0 0 0 0 0 0 0 0 0 0 0 0 0 0 0 0 0 0 0 0 0 0 0 0 0 0 0 -997 1003 1002 1001 1000
0 0 0 0 0 0 0 0 0 0 0 0 0 0 0 0 0 0 0 0 0 0 0 0 0 0 0 0 0 0 0 0 0 0 0 0 0 0 0 0 0 0 0 0 0 0 0 0 0 0 0 0 0 0 0 0 0 0 0 0 -1000 1001 1002 1003
0 0 0 0 0 0 0 0 0 0 0 0 0 0 0 0 0 0 0 0 0 0 0 0 0 0 0 0 0 0 0 0 0 0 0 0 0 0 0 0 0 0 0 0 0 0 0 0 0 0 0 0 0 0 0 0 0 0 0 0 0 -999 1001 1002
0 0 0 0 0 0 0 0 0 0 0 0 0 0 0 0 0 0 0 0 0 0 0 0 0 0 0 0 0 0 0 0 0 0 0 0 0 0 0 0 0 0 0 0 0 0 0 0 0 0 0 0 0 0 0 0 0 0 0 0 0 0 -998 1001
0 0 0 0 0 0 0 0 0 0 0 0 0 0 0 0 0 0 0 0 0 0 0 0 0 0 0 0 0 0 0 0 0 0 0 0 0 0 0 0 0 0 0 0 0 0 0 0 0 0 0 0 0 0 0 0 0 0 0 0 0 0 0 -997
