[ 63  16  28  20  26  27  62  60  23  61  66  21  59  25  18  65  70  64
  17  15  19  67  69  71  68  14  24  72  22 188  74 189  77  75  81 125
 118  42 102 229 193  40 235  80  78  43 186  38 179  76 230 175  86  82
 192 240 236 239 238  84 237 194 210 248 256 249 245 207 252 244 202 253
 246 247 250 255 209 251 197 199 208 196 201 204 241 200 211 243 203 205
 198 242 195 254 206 151 228 163 164 122  99 113 234 227 148 166 165 114
 233 225 116 149 145  90 191  98 231 160 181 154 232 187 138 190  92 141
 123 157 185 140 153 152 136 101 150 184  97 156 177 174 162  87 158  39
  32  35  36 139  89  41 155 182 143 178 169  37 172 173 137 126 167 131
  79  34  31  73  85  44  30  88  33 147  83  29 107  94 112 171  91 104
 109 130 121 117 135 132 168 119 144 111 180 142 124 127 146 108 161 128
 103 170 106 110 129 134 105  95 100 115 120  93 226 176 133  96 183 159
 218 263 217  56  11  10  45  48   8  54  55   9  47   5   4  50   6  52
  51 267 268 222 266 221 220   3  49   0 223 269 224 219 264 265  53   7
   2   1  46  13  12  58  57 216 215 261 260 262 214 213 258 259 212 257]