(0, 1),0.2
(0, 2),0.2
(0, 3),0.2
(0, 6),0.2
(0, 9),0.2
(0, 12),0.2
(0, 15),0.2
(0, 18),0.2
(0, 21),0.2
(0, 24),0.2
(0, 27),0.2
(0, 30),0.2
(0, 33),0.2
(0, 36),0.2
(0, 39),0.2
(0, 42),0.2
(0, 45),0.2
(0, 48),0.2
(0, 51),0.2
(0, 54),0.2
(0, 57),0.2
(0, 60),0.2
(0, 63),0.2
(0, 66),0.2
(0, 69),0.2
(0, 72),0.2
(0, 75),0.2
(0, 78),0.2
(0, 81),0.2
(0, 84),0.2
(0, 87),0.2
(0, 90),0.2
(0, 91),0.4
(0, 92),0.8
(0, 93),1.6
(1, 2),0.2
(1, 4),0.2
(1, 7),0.2
(1, 10),0.2
(1, 13),0.2
(1, 16),0.2
(1, 19),0.2
(1, 22),0.2
(1, 25),0.2
(1, 28),0.2
(1, 31),0.2
(1, 34),0.2
(1, 37),0.2
(1, 40),0.2
(1, 43),0.2
(1, 46),0.2
(1, 49),0.2
(1, 52),0.2
(1, 55),0.2
(1, 58),0.2
(1, 61),0.2
(1, 64),0.2
(1, 67),0.2
(1, 70),0.2
(1, 73),0.2
(1, 76),0.2
(1, 79),0.2
(1, 82),0.2
(1, 85),0.2
(1, 88),0.2
(1, 94),0.2
(1, 95),0.4
(1, 96),0.8
(1, 97),1.6
(2, 5),0.2
(2, 8),0.2
(2, 11),0.2
(2, 14),0.2
(2, 17),0.2
(2, 20),0.2
(2, 23),0.2
(2, 26),0.2
(2, 29),0.2
(2, 32),0.2
(2, 35),0.2
(2, 38),0.2
(2, 41),0.2
(2, 44),0.2
(2, 47),0.2
(2, 50),0.2
(2, 53),0.2
(2, 56),0.2
(2, 59),0.2
(2, 62),0.2
(2, 65),0.2
(2, 68),0.2
(2, 71),0.2
(2, 74),0.2
(2, 77),0.2
(2, 80),0.2
(2, 83),0.2
(2, 86),0.2
(2, 89),0.2
(2, 98),0.2
(2, 99),0.4
(2, 100),0.8
(2, 101),1.6
(3, 4),0.2
(3, 5),0.2
(3, 6),0.2
(3, 9),0.2
(3, 12),-0.8
(3, 15),-0.8
(3, 18),-0.8
(3, 21),0.2
(3, 24),-0.8
(3, 27),-0.8
(3, 30),-0.8
(3, 33),-0.8
(3, 36),-1.7999999999999998
(3, 39),-1.7999999999999998
(3, 42),-1.7999999999999998
(3, 45),-1.7999999999999998
(3, 48),-1.7999999999999998
(3, 51),-1.7999999999999998
(3, 54),-1.7999999999999998
(3, 57),0.2
(3, 60),0.2
(3, 63),0.2
(3, 66),0.2
(3, 69),0.2
(3, 72),0.2
(3, 75),0.2
(3, 78),0.2
(3, 81),0.2
(3, 84),0.2
(3, 87),0.2
(3, 90),0.2
(3, 91),0.4
(3, 92),0.8
(3, 93),1.6
(4, 5),0.2
(4, 7),0.2
(4, 10),0.2
(4, 13),-0.8
(4, 16),-0.8
(4, 19),-0.8
(4, 22),0.2
(4, 25),-0.8
(4, 28),-0.8
(4, 31),-0.8
(4, 34),-0.8
(4, 37),-1.7999999999999998
(4, 40),-1.7999999999999998
(4, 43),-1.7999999999999998
(4, 46),-1.7999999999999998
(4, 49),-1.7999999999999998
(4, 52),-1.7999999999999998
(4, 55),-1.7999999999999998
(4, 58),0.2
(4, 61),0.2
(4, 64),0.2
(4, 67),0.2
(4, 70),0.2
(4, 73),0.2
(4, 76),0.2
(4, 79),0.2
(4, 82),0.2
(4, 85),0.2
(4, 88),0.2
(4, 94),0.2
(4, 95),0.4
(4, 96),0.8
(4, 97),1.6
(5, 8),0.2
(5, 11),0.2
(5, 14),-0.8
(5, 17),-0.8
(5, 20),-0.8
(5, 23),0.2
(5, 26),-0.8
(5, 29),-0.8
(5, 32),-0.8
(5, 35),-0.8
(5, 38),-1.7999999999999998
(5, 41),-1.7999999999999998
(5, 44),-1.7999999999999998
(5, 47),-1.7999999999999998
(5, 50),-1.7999999999999998
(5, 53),-1.7999999999999998
(5, 56),-1.7999999999999998
(5, 59),0.2
(5, 62),0.2
(5, 65),0.2
(5, 68),0.2
(5, 71),0.2
(5, 74),0.2
(5, 77),0.2
(5, 80),0.2
(5, 83),0.2
(5, 86),0.2
(5, 89),0.2
(5, 98),0.2
(5, 99),0.4
(5, 100),0.8
(5, 101),1.6
(6, 7),0.2
(6, 8),0.2
(6, 9),0.2
(6, 12),-0.8
(6, 15),-0.8
(6, 18),-0.8
(6, 21),0.2
(6, 24),-0.8
(6, 27),-0.8
(6, 30),-0.8
(6, 33),-0.8
(6, 36),-1.7999999999999998
(6, 39),-1.7999999999999998
(6, 42),-1.7999999999999998
(6, 45),-1.7999999999999998
(6, 48),-1.7999999999999998
(6, 51),-1.7999999999999998
(6, 54),-1.7999999999999998
(6, 57),0.2
(6, 60),0.2
(6, 63),0.2
(6, 66),0.2
(6, 69),0.2
(6, 72),0.2
(6, 75),0.2
(6, 78),0.2
(6, 81),0.2
(6, 84),0.2
(6, 87),0.2
(6, 90),0.2
(6, 91),0.4
(6, 92),0.8
(6, 93),1.6
(7, 8),0.2
(7, 10),0.2
(7, 13),-0.8
(7, 16),-0.8
(7, 19),-0.8
(7, 22),0.2
(7, 25),-0.8
(7, 28),-0.8
(7, 31),-0.8
(7, 34),-0.8
(7, 37),-1.7999999999999998
(7, 40),-1.7999999999999998
(7, 43),-1.7999999999999998
(7, 46),-1.7999999999999998
(7, 49),-1.7999999999999998
(7, 52),-1.7999999999999998
(7, 55),-1.7999999999999998
(7, 58),0.2
(7, 61),0.2
(7, 64),0.2
(7, 67),0.2
(7, 70),0.2
(7, 73),0.2
(7, 76),0.2
(7, 79),0.2
(7, 82),0.2
(7, 85),0.2
(7, 88),0.2
(7, 94),0.2
(7, 95),0.4
(7, 96),0.8
(7, 97),1.6
(8, 11),0.2
(8, 14),-0.8
(8, 17),-0.8
(8, 20),-0.8
(8, 23),0.2
(8, 26),-0.8
(8, 29),-0.8
(8, 32),-0.8
(8, 35),-0.8
(8, 38),-1.7999999999999998
(8, 41),-1.7999999999999998
(8, 44),-1.7999999999999998
(8, 47),-1.7999999999999998
(8, 50),-1.7999999999999998
(8, 53),-1.7999999999999998
(8, 56),-1.7999999999999998
(8, 59),0.2
(8, 62),0.2
(8, 65),0.2
(8, 68),0.2
(8, 71),0.2
(8, 74),0.2
(8, 77),0.2
(8, 80),0.2
(8, 83),0.2
(8, 86),0.2
(8, 89),0.2
(8, 98),0.2
(8, 99),0.4
(8, 100),0.8
(8, 101),1.6
(9, 10),0.2
(9, 11),0.2
(9, 12),-0.8
(9, 15),-0.8
(9, 18),-0.8
(9, 21),0.2
(9, 24),-0.8
(9, 27),-0.8
(9, 30),-0.8
(9, 33),-0.8
(9, 36),-1.7999999999999998
(9, 39),-1.7999999999999998
(9, 42),-1.7999999999999998
(9, 45),-1.7999999999999998
(9, 48),-1.7999999999999998
(9, 51),-1.7999999999999998
(9, 54),-1.7999999999999998
(9, 57),0.2
(9, 60),0.2
(9, 63),0.2
(9, 66),0.2
(9, 69),0.2
(9, 72),0.2
(9, 75),0.2
(9, 78),0.2
(9, 81),0.2
(9, 84),0.2
(9, 87),0.2
(9, 90),0.2
(9, 91),0.4
(9, 92),0.8
(9, 93),1.6
(10, 11),0.2
(10, 13),-0.8
(10, 16),-0.8
(10, 19),-0.8
(10, 22),0.2
(10, 25),-0.8
(10, 28),-0.8
(10, 31),-0.8
(10, 34),-0.8
(10, 37),-1.7999999999999998
(10, 40),-1.7999999999999998
(10, 43),-1.7999999999999998
(10, 46),-1.7999999999999998
(10, 49),-1.7999999999999998
(10, 52),-1.7999999999999998
(10, 55),-1.7999999999999998
(10, 58),0.2
(10, 61),0.2
(10, 64),0.2
(10, 67),0.2
(10, 70),0.2
(10, 73),0.2
(10, 76),0.2
(10, 79),0.2
(10, 82),0.2
(10, 85),0.2
(10, 88),0.2
(10, 94),0.2
(10, 95),0.4
(10, 96),0.8
(10, 97),1.6
(11, 14),-0.8
(11, 17),-0.8
(11, 20),-0.8
(11, 23),0.2
(11, 26),-0.8
(11, 29),-0.8
(11, 32),-0.8
(11, 35),-0.8
(11, 38),-1.7999999999999998
(11, 41),-1.7999999999999998
(11, 44),-1.7999999999999998
(11, 47),-1.7999999999999998
(11, 50),-1.7999999999999998
(11, 53),-1.7999999999999998
(11, 56),-1.7999999999999998
(11, 59),0.2
(11, 62),0.2
(11, 65),0.2
(11, 68),0.2
(11, 71),0.2
(11, 74),0.2
(11, 77),0.2
(11, 80),0.2
(11, 83),0.2
(11, 86),0.2
(11, 89),0.2
(11, 98),0.2
(11, 99),0.4
(11, 100),0.8
(11, 101),1.6
(12, 13),0.2
(12, 14),0.2
(12, 15),0.2
(12, 18),0.2
(12, 21),0.2
(12, 24),-0.8
(12, 27),-0.8
(12, 30),-0.8
(12, 33),-0.8
(12, 36),-0.8
(12, 39),-0.8
(12, 42),-0.8
(12, 45),-0.8
(12, 48),-0.8
(12, 51),-0.8
(12, 54),-0.8
(12, 57),-0.8
(12, 60),-0.8
(12, 63),-0.8
(12, 66),-0.8
(12, 69),-0.8
(12, 72),-0.8
(12, 75),0.2
(12, 78),0.2
(12, 81),0.2
(12, 84),0.2
(12, 87),0.2
(12, 90),0.2
(12, 91),0.4
(12, 92),0.8
(12, 93),1.6
(13, 14),0.2
(13, 16),0.2
(13, 19),0.2
(13, 22),0.2
(13, 25),-0.8
(13, 28),-0.8
(13, 31),-0.8
(13, 34),-0.8
(13, 37),-0.8
(13, 40),-0.8
(13, 43),-0.8
(13, 46),-0.8
(13, 49),-0.8
(13, 52),-0.8
(13, 55),-0.8
(13, 58),-0.8
(13, 61),-0.8
(13, 64),-0.8
(13, 67),-0.8
(13, 70),-0.8
(13, 73),-0.8
(13, 76),0.2
(13, 79),0.2
(13, 82),0.2
(13, 85),0.2
(13, 88),0.2
(13, 94),0.2
(13, 95),0.4
(13, 96),0.8
(13, 97),1.6
(14, 17),0.2
(14, 20),0.2
(14, 23),0.2
(14, 26),-0.8
(14, 29),-0.8
(14, 32),-0.8
(14, 35),-0.8
(14, 38),-0.8
(14, 41),-0.8
(14, 44),-0.8
(14, 47),-0.8
(14, 50),-0.8
(14, 53),-0.8
(14, 56),-0.8
(14, 59),-0.8
(14, 62),-0.8
(14, 65),-0.8
(14, 68),-0.8
(14, 71),-0.8
(14, 74),-0.8
(14, 77),0.2
(14, 80),0.2
(14, 83),0.2
(14, 86),0.2
(14, 89),0.2
(14, 98),0.2
(14, 99),0.4
(14, 100),0.8
(14, 101),1.6
(15, 16),0.2
(15, 17),0.2
(15, 18),0.2
(15, 21),0.2
(15, 24),-0.8
(15, 27),-0.8
(15, 30),-0.8
(15, 33),-0.8
(15, 36),-0.8
(15, 39),-0.8
(15, 42),-0.8
(15, 45),-0.8
(15, 48),-0.8
(15, 51),-0.8
(15, 54),-0.8
(15, 57),-0.8
(15, 60),-0.8
(15, 63),-0.8
(15, 66),-0.8
(15, 69),-0.8
(15, 72),-0.8
(15, 75),0.2
(15, 78),0.2
(15, 81),0.2
(15, 84),0.2
(15, 87),0.2
(15, 90),0.2
(15, 91),0.4
(15, 92),0.8
(15, 93),1.6
(16, 17),0.2
(16, 19),0.2
(16, 22),0.2
(16, 25),-0.8
(16, 28),-0.8
(16, 31),-0.8
(16, 34),-0.8
(16, 37),-0.8
(16, 40),-0.8
(16, 43),-0.8
(16, 46),-0.8
(16, 49),-0.8
(16, 52),-0.8
(16, 55),-0.8
(16, 58),-0.8
(16, 61),-0.8
(16, 64),-0.8
(16, 67),-0.8
(16, 70),-0.8
(16, 73),-0.8
(16, 76),0.2
(16, 79),0.2
(16, 82),0.2
(16, 85),0.2
(16, 88),0.2
(16, 94),0.2
(16, 95),0.4
(16, 96),0.8
(16, 97),1.6
(17, 20),0.2
(17, 23),0.2
(17, 26),-0.8
(17, 29),-0.8
(17, 32),-0.8
(17, 35),-0.8
(17, 38),-0.8
(17, 41),-0.8
(17, 44),-0.8
(17, 47),-0.8
(17, 50),-0.8
(17, 53),-0.8
(17, 56),-0.8
(17, 59),-0.8
(17, 62),-0.8
(17, 65),-0.8
(17, 68),-0.8
(17, 71),-0.8
(17, 74),-0.8
(17, 77),0.2
(17, 80),0.2
(17, 83),0.2
(17, 86),0.2
(17, 89),0.2
(17, 98),0.2
(17, 99),0.4
(17, 100),0.8
(17, 101),1.6
(18, 19),0.2
(18, 20),0.2
(18, 21),0.2
(18, 24),-0.8
(18, 27),-0.8
(18, 30),-0.8
(18, 33),-0.8
(18, 36),-0.8
(18, 39),-0.8
(18, 42),-0.8
(18, 45),-0.8
(18, 48),-0.8
(18, 51),-0.8
(18, 54),-0.8
(18, 57),-0.8
(18, 60),-0.8
(18, 63),-0.8
(18, 66),-0.8
(18, 69),-0.8
(18, 72),-0.8
(18, 75),0.2
(18, 78),0.2
(18, 81),0.2
(18, 84),0.2
(18, 87),0.2
(18, 90),0.2
(18, 91),0.4
(18, 92),0.8
(18, 93),1.6
(19, 20),0.2
(19, 22),0.2
(19, 25),-0.8
(19, 28),-0.8
(19, 31),-0.8
(19, 34),-0.8
(19, 37),-0.8
(19, 40),-0.8
(19, 43),-0.8
(19, 46),-0.8
(19, 49),-0.8
(19, 52),-0.8
(19, 55),-0.8
(19, 58),-0.8
(19, 61),-0.8
(19, 64),-0.8
(19, 67),-0.8
(19, 70),-0.8
(19, 73),-0.8
(19, 76),0.2
(19, 79),0.2
(19, 82),0.2
(19, 85),0.2
(19, 88),0.2
(19, 94),0.2
(19, 95),0.4
(19, 96),0.8
(19, 97),1.6
(20, 23),0.2
(20, 26),-0.8
(20, 29),-0.8
(20, 32),-0.8
(20, 35),-0.8
(20, 38),-0.8
(20, 41),-0.8
(20, 44),-0.8
(20, 47),-0.8
(20, 50),-0.8
(20, 53),-0.8
(20, 56),-0.8
(20, 59),-0.8
(20, 62),-0.8
(20, 65),-0.8
(20, 68),-0.8
(20, 71),-0.8
(20, 74),-0.8
(20, 77),0.2
(20, 80),0.2
(20, 83),0.2
(20, 86),0.2
(20, 89),0.2
(20, 98),0.2
(20, 99),0.4
(20, 100),0.8
(20, 101),1.6
(21, 22),0.2
(21, 23),0.2
(21, 24),0.2
(21, 27),0.2
(21, 30),0.2
(21, 33),0.2
(21, 36),-0.8
(21, 39),-0.8
(21, 42),-0.8
(21, 45),-0.8
(21, 48),-0.8
(21, 51),-0.8
(21, 54),-0.8
(21, 57),0.2
(21, 60),0.2
(21, 63),0.2
(21, 66),0.2
(21, 69),0.2
(21, 72),0.2
(21, 75),-0.8
(21, 78),-0.8
(21, 81),-0.8
(21, 84),-0.8
(21, 87),-0.8
(21, 90),0.2
(21, 91),0.4
(21, 92),0.8
(21, 93),1.6
(22, 23),0.2
(22, 25),0.2
(22, 28),0.2
(22, 31),0.2
(22, 34),0.2
(22, 37),-0.8
(22, 40),-0.8
(22, 43),-0.8
(22, 46),-0.8
(22, 49),-0.8
(22, 52),-0.8
(22, 55),-0.8
(22, 58),0.2
(22, 61),0.2
(22, 64),0.2
(22, 67),0.2
(22, 70),0.2
(22, 73),0.2
(22, 76),-0.8
(22, 79),-0.8
(22, 82),-0.8
(22, 85),-0.8
(22, 88),-0.8
(22, 94),0.2
(22, 95),0.4
(22, 96),0.8
(22, 97),1.6
(23, 26),0.2
(23, 29),0.2
(23, 32),0.2
(23, 35),0.2
(23, 38),-0.8
(23, 41),-0.8
(23, 44),-0.8
(23, 47),-0.8
(23, 50),-0.8
(23, 53),-0.8
(23, 56),-0.8
(23, 59),0.2
(23, 62),0.2
(23, 65),0.2
(23, 68),0.2
(23, 71),0.2
(23, 74),0.2
(23, 77),-0.8
(23, 80),-0.8
(23, 83),-0.8
(23, 86),-0.8
(23, 89),-0.8
(23, 98),0.2
(23, 99),0.4
(23, 100),0.8
(23, 101),1.6
(24, 25),0.2
(24, 26),0.2
(24, 27),0.2
(24, 30),0.2
(24, 33),0.2
(24, 36),-3.8
(24, 39),-3.8
(24, 42),-3.8
(24, 45),-3.8
(24, 48),-3.8
(24, 51),-3.8
(24, 54),-3.8
(24, 57),-1.7999999999999998
(24, 60),-1.7999999999999998
(24, 63),-2.8
(24, 66),-2.8
(24, 69),-2.8
(24, 72),-2.8
(24, 75),0.2
(24, 78),0.2
(24, 81),0.2
(24, 84),0.2
(24, 87),0.2
(24, 90),0.2
(24, 91),0.4
(24, 92),0.8
(24, 93),1.6
(25, 26),0.2
(25, 28),0.2
(25, 31),0.2
(25, 34),0.2
(25, 37),-3.8
(25, 40),-3.8
(25, 43),-3.8
(25, 46),-3.8
(25, 49),-3.8
(25, 52),-3.8
(25, 55),-3.8
(25, 58),-1.7999999999999998
(25, 61),-1.7999999999999998
(25, 64),-2.8
(25, 67),-2.8
(25, 70),-2.8
(25, 73),-2.8
(25, 76),0.2
(25, 79),0.2
(25, 82),0.2
(25, 85),0.2
(25, 88),0.2
(25, 94),0.2
(25, 95),0.4
(25, 96),0.8
(25, 97),1.6
(26, 29),0.2
(26, 32),0.2
(26, 35),0.2
(26, 38),-3.8
(26, 41),-3.8
(26, 44),-3.8
(26, 47),-3.8
(26, 50),-3.8
(26, 53),-3.8
(26, 56),-3.8
(26, 59),-1.7999999999999998
(26, 62),-1.7999999999999998
(26, 65),-2.8
(26, 68),-2.8
(26, 71),-2.8
(26, 74),-2.8
(26, 77),0.2
(26, 80),0.2
(26, 83),0.2
(26, 86),0.2
(26, 89),0.2
(26, 98),0.2
(26, 99),0.4
(26, 100),0.8
(26, 101),1.6
(27, 28),0.2
(27, 29),0.2
(27, 30),0.2
(27, 33),0.2
(27, 36),-3.8
(27, 39),-3.8
(27, 42),-3.8
(27, 45),-3.8
(27, 48),-3.8
(27, 51),-3.8
(27, 54),-3.8
(27, 57),-1.7999999999999998
(27, 60),-1.7999999999999998
(27, 63),-2.8
(27, 66),-2.8
(27, 69),-2.8
(27, 72),-2.8
(27, 75),0.2
(27, 78),0.2
(27, 81),0.2
(27, 84),0.2
(27, 87),0.2
(27, 90),0.2
(27, 91),0.4
(27, 92),0.8
(27, 93),1.6
(28, 29),0.2
(28, 31),0.2
(28, 34),0.2
(28, 37),-3.8
(28, 40),-3.8
(28, 43),-3.8
(28, 46),-3.8
(28, 49),-3.8
(28, 52),-3.8
(28, 55),-3.8
(28, 58),-1.7999999999999998
(28, 61),-1.7999999999999998
(28, 64),-2.8
(28, 67),-2.8
(28, 70),-2.8
(28, 73),-2.8
(28, 76),0.2
(28, 79),0.2
(28, 82),0.2
(28, 85),0.2
(28, 88),0.2
(28, 94),0.2
(28, 95),0.4
(28, 96),0.8
(28, 97),1.6
(29, 32),0.2
(29, 35),0.2
(29, 38),-3.8
(29, 41),-3.8
(29, 44),-3.8
(29, 47),-3.8
(29, 50),-3.8
(29, 53),-3.8
(29, 56),-3.8
(29, 59),-1.7999999999999998
(29, 62),-1.7999999999999998
(29, 65),-2.8
(29, 68),-2.8
(29, 71),-2.8
(29, 74),-2.8
(29, 77),0.2
(29, 80),0.2
(29, 83),0.2
(29, 86),0.2
(29, 89),0.2
(29, 98),0.2
(29, 99),0.4
(29, 100),0.8
(29, 101),1.6
(30, 31),0.2
(30, 32),0.2
(30, 33),0.2
(30, 36),-3.8
(30, 39),-3.8
(30, 42),-3.8
(30, 45),-3.8
(30, 48),-3.8
(30, 51),-3.8
(30, 54),-3.8
(30, 57),-1.7999999999999998
(30, 60),-1.7999999999999998
(30, 63),-2.8
(30, 66),-2.8
(30, 69),-2.8
(30, 72),-2.8
(30, 75),0.2
(30, 78),0.2
(30, 81),0.2
(30, 84),0.2
(30, 87),0.2
(30, 90),0.2
(30, 91),0.4
(30, 92),0.8
(30, 93),1.6
(31, 32),0.2
(31, 34),0.2
(31, 37),-3.8
(31, 40),-3.8
(31, 43),-3.8
(31, 46),-3.8
(31, 49),-3.8
(31, 52),-3.8
(31, 55),-3.8
(31, 58),-1.7999999999999998
(31, 61),-1.7999999999999998
(31, 64),-2.8
(31, 67),-2.8
(31, 70),-2.8
(31, 73),-2.8
(31, 76),0.2
(31, 79),0.2
(31, 82),0.2
(31, 85),0.2
(31, 88),0.2
(31, 94),0.2
(31, 95),0.4
(31, 96),0.8
(31, 97),1.6
(32, 35),0.2
(32, 38),-3.8
(32, 41),-3.8
(32, 44),-3.8
(32, 47),-3.8
(32, 50),-3.8
(32, 53),-3.8
(32, 56),-3.8
(32, 59),-1.7999999999999998
(32, 62),-1.7999999999999998
(32, 65),-2.8
(32, 68),-2.8
(32, 71),-2.8
(32, 74),-2.8
(32, 77),0.2
(32, 80),0.2
(32, 83),0.2
(32, 86),0.2
(32, 89),0.2
(32, 98),0.2
(32, 99),0.4
(32, 100),0.8
(32, 101),1.6
(33, 34),0.2
(33, 35),0.2
(33, 36),-3.8
(33, 39),-3.8
(33, 42),-3.8
(33, 45),-3.8
(33, 48),-3.8
(33, 51),-3.8
(33, 54),-3.8
(33, 57),-1.7999999999999998
(33, 60),-1.7999999999999998
(33, 63),-2.8
(33, 66),-2.8
(33, 69),-2.8
(33, 72),-2.8
(33, 75),0.2
(33, 78),0.2
(33, 81),0.2
(33, 84),0.2
(33, 87),0.2
(33, 90),0.2
(33, 91),0.4
(33, 92),0.8
(33, 93),1.6
(34, 35),0.2
(34, 37),-3.8
(34, 40),-3.8
(34, 43),-3.8
(34, 46),-3.8
(34, 49),-3.8
(34, 52),-3.8
(34, 55),-3.8
(34, 58),-1.7999999999999998
(34, 61),-1.7999999999999998
(34, 64),-2.8
(34, 67),-2.8
(34, 70),-2.8
(34, 73),-2.8
(34, 76),0.2
(34, 79),0.2
(34, 82),0.2
(34, 85),0.2
(34, 88),0.2
(34, 94),0.2
(34, 95),0.4
(34, 96),0.8
(34, 97),1.6
(35, 38),-3.8
(35, 41),-3.8
(35, 44),-3.8
(35, 47),-3.8
(35, 50),-3.8
(35, 53),-3.8
(35, 56),-3.8
(35, 59),-1.7999999999999998
(35, 62),-1.7999999999999998
(35, 65),-2.8
(35, 68),-2.8
(35, 71),-2.8
(35, 74),-2.8
(35, 77),0.2
(35, 80),0.2
(35, 83),0.2
(35, 86),0.2
(35, 89),0.2
(35, 98),0.2
(35, 99),0.4
(35, 100),0.8
(35, 101),1.6
(36, 37),0.2
(36, 38),0.2
(36, 39),-1.7999999999999998
(36, 42),-1.7999999999999998
(36, 45),-1.7999999999999998
(36, 48),-1.7999999999999998
(36, 51),-1.7999999999999998
(36, 54),-1.7999999999999998
(36, 57),-0.8
(36, 60),-0.8
(36, 63),-4.800000000000001
(36, 66),-4.800000000000001
(36, 69),-4.800000000000001
(36, 72),-4.800000000000001
(36, 75),-0.8
(36, 78),-0.8
(36, 81),-0.8
(36, 84),-0.8
(36, 87),-0.8
(36, 90),0.2
(36, 91),0.4
(36, 92),0.8
(36, 93),1.6
(37, 38),0.2
(37, 40),-1.7999999999999998
(37, 43),-1.7999999999999998
(37, 46),-1.7999999999999998
(37, 49),-1.7999999999999998
(37, 52),-1.7999999999999998
(37, 55),-1.7999999999999998
(37, 58),-0.8
(37, 61),-0.8
(37, 64),-4.800000000000001
(37, 67),-4.800000000000001
(37, 70),-4.800000000000001
(37, 73),-4.800000000000001
(37, 76),-0.8
(37, 79),-0.8
(37, 82),-0.8
(37, 85),-0.8
(37, 88),-0.8
(37, 94),0.2
(37, 95),0.4
(37, 96),0.8
(37, 97),1.6
(38, 41),-1.7999999999999998
(38, 44),-1.7999999999999998
(38, 47),-1.7999999999999998
(38, 50),-1.7999999999999998
(38, 53),-1.7999999999999998
(38, 56),-1.7999999999999998
(38, 59),-0.8
(38, 62),-0.8
(38, 65),-4.800000000000001
(38, 68),-4.800000000000001
(38, 71),-4.800000000000001
(38, 74),-4.800000000000001
(38, 77),-0.8
(38, 80),-0.8
(38, 83),-0.8
(38, 86),-0.8
(38, 89),-0.8
(38, 98),0.2
(38, 99),0.4
(38, 100),0.8
(38, 101),1.6
(39, 40),0.2
(39, 41),0.2
(39, 42),-1.7999999999999998
(39, 45),-1.7999999999999998
(39, 48),-1.7999999999999998
(39, 51),-1.7999999999999998
(39, 54),-1.7999999999999998
(39, 57),-0.8
(39, 60),-0.8
(39, 63),-4.800000000000001
(39, 66),-4.800000000000001
(39, 69),-4.800000000000001
(39, 72),-4.800000000000001
(39, 75),-0.8
(39, 78),-0.8
(39, 81),-0.8
(39, 84),-0.8
(39, 87),-0.8
(39, 90),0.2
(39, 91),0.4
(39, 92),0.8
(39, 93),1.6
(40, 41),0.2
(40, 43),-1.7999999999999998
(40, 46),-1.7999999999999998
(40, 49),-1.7999999999999998
(40, 52),-1.7999999999999998
(40, 55),-1.7999999999999998
(40, 58),-0.8
(40, 61),-0.8
(40, 64),-4.800000000000001
(40, 67),-4.800000000000001
(40, 70),-4.800000000000001
(40, 73),-4.800000000000001
(40, 76),-0.8
(40, 79),-0.8
(40, 82),-0.8
(40, 85),-0.8
(40, 88),-0.8
(40, 94),0.2
(40, 95),0.4
(40, 96),0.8
(40, 97),1.6
(41, 44),-1.7999999999999998
(41, 47),-1.7999999999999998
(41, 50),-1.7999999999999998
(41, 53),-1.7999999999999998
(41, 56),-1.7999999999999998
(41, 59),-0.8
(41, 62),-0.8
(41, 65),-4.800000000000001
(41, 68),-4.800000000000001
(41, 71),-4.800000000000001
(41, 74),-4.800000000000001
(41, 77),-0.8
(41, 80),-0.8
(41, 83),-0.8
(41, 86),-0.8
(41, 89),-0.8
(41, 98),0.2
(41, 99),0.4
(41, 100),0.8
(41, 101),1.6
(42, 43),0.2
(42, 44),0.2
(42, 45),-1.7999999999999998
(42, 48),-1.7999999999999998
(42, 51),-1.7999999999999998
(42, 54),-1.7999999999999998
(42, 57),-0.8
(42, 60),-0.8
(42, 63),-4.800000000000001
(42, 66),-4.800000000000001
(42, 69),-4.800000000000001
(42, 72),-4.800000000000001
(42, 75),-0.8
(42, 78),-0.8
(42, 81),-0.8
(42, 84),-0.8
(42, 87),-0.8
(42, 90),0.2
(42, 91),0.4
(42, 92),0.8
(42, 93),1.6
(43, 44),0.2
(43, 46),-1.7999999999999998
(43, 49),-1.7999999999999998
(43, 52),-1.7999999999999998
(43, 55),-1.7999999999999998
(43, 58),-0.8
(43, 61),-0.8
(43, 64),-4.800000000000001
(43, 67),-4.800000000000001
(43, 70),-4.800000000000001
(43, 73),-4.800000000000001
(43, 76),-0.8
(43, 79),-0.8
(43, 82),-0.8
(43, 85),-0.8
(43, 88),-0.8
(43, 94),0.2
(43, 95),0.4
(43, 96),0.8
(43, 97),1.6
(44, 47),-1.7999999999999998
(44, 50),-1.7999999999999998
(44, 53),-1.7999999999999998
(44, 56),-1.7999999999999998
(44, 59),-0.8
(44, 62),-0.8
(44, 65),-4.800000000000001
(44, 68),-4.800000000000001
(44, 71),-4.800000000000001
(44, 74),-4.800000000000001
(44, 77),-0.8
(44, 80),-0.8
(44, 83),-0.8
(44, 86),-0.8
(44, 89),-0.8
(44, 98),0.2
(44, 99),0.4
(44, 100),0.8
(44, 101),1.6
(45, 46),0.2
(45, 47),0.2
(45, 48),-1.7999999999999998
(45, 51),-1.7999999999999998
(45, 54),-1.7999999999999998
(45, 57),-0.8
(45, 60),-0.8
(45, 63),-4.800000000000001
(45, 66),-4.800000000000001
(45, 69),-4.800000000000001
(45, 72),-4.800000000000001
(45, 75),-0.8
(45, 78),-0.8
(45, 81),-0.8
(45, 84),-0.8
(45, 87),-0.8
(45, 90),0.2
(45, 91),0.4
(45, 92),0.8
(45, 93),1.6
(46, 47),0.2
(46, 49),-1.7999999999999998
(46, 52),-1.7999999999999998
(46, 55),-1.7999999999999998
(46, 58),-0.8
(46, 61),-0.8
(46, 64),-4.800000000000001
(46, 67),-4.800000000000001
(46, 70),-4.800000000000001
(46, 73),-4.800000000000001
(46, 76),-0.8
(46, 79),-0.8
(46, 82),-0.8
(46, 85),-0.8
(46, 88),-0.8
(46, 94),0.2
(46, 95),0.4
(46, 96),0.8
(46, 97),1.6
(47, 50),-1.7999999999999998
(47, 53),-1.7999999999999998
(47, 56),-1.7999999999999998
(47, 59),-0.8
(47, 62),-0.8
(47, 65),-4.800000000000001
(47, 68),-4.800000000000001
(47, 71),-4.800000000000001
(47, 74),-4.800000000000001
(47, 77),-0.8
(47, 80),-0.8
(47, 83),-0.8
(47, 86),-0.8
(47, 89),-0.8
(47, 98),0.2
(47, 99),0.4
(47, 100),0.8
(47, 101),1.6
(48, 49),0.2
(48, 50),0.2
(48, 51),-1.7999999999999998
(48, 54),-1.7999999999999998
(48, 57),-0.8
(48, 60),-0.8
(48, 63),-4.800000000000001
(48, 66),-4.800000000000001
(48, 69),-4.800000000000001
(48, 72),-4.800000000000001
(48, 75),-0.8
(48, 78),-0.8
(48, 81),-0.8
(48, 84),-0.8
(48, 87),-0.8
(48, 90),0.2
(48, 91),0.4
(48, 92),0.8
(48, 93),1.6
(49, 50),0.2
(49, 52),-1.7999999999999998
(49, 55),-1.7999999999999998
(49, 58),-0.8
(49, 61),-0.8
(49, 64),-4.800000000000001
(49, 67),-4.800000000000001
(49, 70),-4.800000000000001
(49, 73),-4.800000000000001
(49, 76),-0.8
(49, 79),-0.8
(49, 82),-0.8
(49, 85),-0.8
(49, 88),-0.8
(49, 94),0.2
(49, 95),0.4
(49, 96),0.8
(49, 97),1.6
(50, 53),-1.7999999999999998
(50, 56),-1.7999999999999998
(50, 59),-0.8
(50, 62),-0.8
(50, 65),-4.800000000000001
(50, 68),-4.800000000000001
(50, 71),-4.800000000000001
(50, 74),-4.800000000000001
(50, 77),-0.8
(50, 80),-0.8
(50, 83),-0.8
(50, 86),-0.8
(50, 89),-0.8
(50, 98),0.2
(50, 99),0.4
(50, 100),0.8
(50, 101),1.6
(51, 52),0.2
(51, 53),0.2
(51, 54),-1.7999999999999998
(51, 57),-0.8
(51, 60),-0.8
(51, 63),-4.800000000000001
(51, 66),-4.800000000000001
(51, 69),-4.800000000000001
(51, 72),-4.800000000000001
(51, 75),-0.8
(51, 78),-0.8
(51, 81),-0.8
(51, 84),-0.8
(51, 87),-0.8
(51, 90),0.2
(51, 91),0.4
(51, 92),0.8
(51, 93),1.6
(52, 53),0.2
(52, 55),-1.7999999999999998
(52, 58),-0.8
(52, 61),-0.8
(52, 64),-4.800000000000001
(52, 67),-4.800000000000001
(52, 70),-4.800000000000001
(52, 73),-4.800000000000001
(52, 76),-0.8
(52, 79),-0.8
(52, 82),-0.8
(52, 85),-0.8
(52, 88),-0.8
(52, 94),0.2
(52, 95),0.4
(52, 96),0.8
(52, 97),1.6
(53, 56),-1.7999999999999998
(53, 59),-0.8
(53, 62),-0.8
(53, 65),-4.800000000000001
(53, 68),-4.800000000000001
(53, 71),-4.800000000000001
(53, 74),-4.800000000000001
(53, 77),-0.8
(53, 80),-0.8
(53, 83),-0.8
(53, 86),-0.8
(53, 89),-0.8
(53, 98),0.2
(53, 99),0.4
(53, 100),0.8
(53, 101),1.6
(54, 55),0.2
(54, 56),0.2
(54, 57),-0.8
(54, 60),-0.8
(54, 63),-4.800000000000001
(54, 66),-4.800000000000001
(54, 69),-4.800000000000001
(54, 72),-4.800000000000001
(54, 75),-0.8
(54, 78),-0.8
(54, 81),-0.8
(54, 84),-0.8
(54, 87),-0.8
(54, 90),0.2
(54, 91),0.4
(54, 92),0.8
(54, 93),1.6
(55, 56),0.2
(55, 58),-0.8
(55, 61),-0.8
(55, 64),-4.800000000000001
(55, 67),-4.800000000000001
(55, 70),-4.800000000000001
(55, 73),-4.800000000000001
(55, 76),-0.8
(55, 79),-0.8
(55, 82),-0.8
(55, 85),-0.8
(55, 88),-0.8
(55, 94),0.2
(55, 95),0.4
(55, 96),0.8
(55, 97),1.6
(56, 59),-0.8
(56, 62),-0.8
(56, 65),-4.800000000000001
(56, 68),-4.800000000000001
(56, 71),-4.800000000000001
(56, 74),-4.800000000000001
(56, 77),-0.8
(56, 80),-0.8
(56, 83),-0.8
(56, 86),-0.8
(56, 89),-0.8
(56, 98),0.2
(56, 99),0.4
(56, 100),0.8
(56, 101),1.6
(57, 58),0.2
(57, 59),0.2
(57, 60),0.2
(57, 63),-0.8
(57, 66),-0.8
(57, 69),-0.8
(57, 72),-0.8
(57, 75),0.2
(57, 78),0.2
(57, 81),0.2
(57, 84),0.2
(57, 87),0.2
(57, 90),0.2
(57, 91),0.4
(57, 92),0.8
(57, 93),1.6
(58, 59),0.2
(58, 61),0.2
(58, 64),-0.8
(58, 67),-0.8
(58, 70),-0.8
(58, 73),-0.8
(58, 76),0.2
(58, 79),0.2
(58, 82),0.2
(58, 85),0.2
(58, 88),0.2
(58, 94),0.2
(58, 95),0.4
(58, 96),0.8
(58, 97),1.6
(59, 62),0.2
(59, 65),-0.8
(59, 68),-0.8
(59, 71),-0.8
(59, 74),-0.8
(59, 77),0.2
(59, 80),0.2
(59, 83),0.2
(59, 86),0.2
(59, 89),0.2
(59, 98),0.2
(59, 99),0.4
(59, 100),0.8
(59, 101),1.6
(60, 61),0.2
(60, 62),0.2
(60, 63),-0.8
(60, 66),-0.8
(60, 69),-0.8
(60, 72),-0.8
(60, 75),0.2
(60, 78),0.2
(60, 81),0.2
(60, 84),0.2
(60, 87),0.2
(60, 90),0.2
(60, 91),0.4
(60, 92),0.8
(60, 93),1.6
(61, 62),0.2
(61, 64),-0.8
(61, 67),-0.8
(61, 70),-0.8
(61, 73),-0.8
(61, 76),0.2
(61, 79),0.2
(61, 82),0.2
(61, 85),0.2
(61, 88),0.2
(61, 94),0.2
(61, 95),0.4
(61, 96),0.8
(61, 97),1.6
(62, 65),-0.8
(62, 68),-0.8
(62, 71),-0.8
(62, 74),-0.8
(62, 77),0.2
(62, 80),0.2
(62, 83),0.2
(62, 86),0.2
(62, 89),0.2
(62, 98),0.2
(62, 99),0.4
(62, 100),0.8
(62, 101),1.6
(63, 64),0.2
(63, 65),0.2
(63, 66),-1.7999999999999998
(63, 69),-1.7999999999999998
(63, 72),-1.7999999999999998
(63, 75),0.2
(63, 78),0.2
(63, 81),0.2
(63, 84),0.2
(63, 87),0.2
(63, 90),0.2
(63, 91),0.4
(63, 92),0.8
(63, 93),1.6
(64, 65),0.2
(64, 67),-1.7999999999999998
(64, 70),-1.7999999999999998
(64, 73),-1.7999999999999998
(64, 76),0.2
(64, 79),0.2
(64, 82),0.2
(64, 85),0.2
(64, 88),0.2
(64, 94),0.2
(64, 95),0.4
(64, 96),0.8
(64, 97),1.6
(65, 68),-1.7999999999999998
(65, 71),-1.7999999999999998
(65, 74),-1.7999999999999998
(65, 77),0.2
(65, 80),0.2
(65, 83),0.2
(65, 86),0.2
(65, 89),0.2
(65, 98),0.2
(65, 99),0.4
(65, 100),0.8
(65, 101),1.6
(66, 67),0.2
(66, 68),0.2
(66, 69),-1.7999999999999998
(66, 72),-1.7999999999999998
(66, 75),0.2
(66, 78),0.2
(66, 81),0.2
(66, 84),0.2
(66, 87),0.2
(66, 90),0.2
(66, 91),0.4
(66, 92),0.8
(66, 93),1.6
(67, 68),0.2
(67, 70),-1.7999999999999998
(67, 73),-1.7999999999999998
(67, 76),0.2
(67, 79),0.2
(67, 82),0.2
(67, 85),0.2
(67, 88),0.2
(67, 94),0.2
(67, 95),0.4
(67, 96),0.8
(67, 97),1.6
(68, 71),-1.7999999999999998
(68, 74),-1.7999999999999998
(68, 77),0.2
(68, 80),0.2
(68, 83),0.2
(68, 86),0.2
(68, 89),0.2
(68, 98),0.2
(68, 99),0.4
(68, 100),0.8
(68, 101),1.6
(69, 70),0.2
(69, 71),0.2
(69, 72),-1.7999999999999998
(69, 75),0.2
(69, 78),0.2
(69, 81),0.2
(69, 84),0.2
(69, 87),0.2
(69, 90),0.2
(69, 91),0.4
(69, 92),0.8
(69, 93),1.6
(70, 71),0.2
(70, 73),-1.7999999999999998
(70, 76),0.2
(70, 79),0.2
(70, 82),0.2
(70, 85),0.2
(70, 88),0.2
(70, 94),0.2
(70, 95),0.4
(70, 96),0.8
(70, 97),1.6
(71, 74),-1.7999999999999998
(71, 77),0.2
(71, 80),0.2
(71, 83),0.2
(71, 86),0.2
(71, 89),0.2
(71, 98),0.2
(71, 99),0.4
(71, 100),0.8
(71, 101),1.6
(72, 73),0.2
(72, 74),0.2
(72, 75),0.2
(72, 78),0.2
(72, 81),0.2
(72, 84),0.2
(72, 87),0.2
(72, 90),0.2
(72, 91),0.4
(72, 92),0.8
(72, 93),1.6
(73, 74),0.2
(73, 76),0.2
(73, 79),0.2
(73, 82),0.2
(73, 85),0.2
(73, 88),0.2
(73, 94),0.2
(73, 95),0.4
(73, 96),0.8
(73, 97),1.6
(74, 77),0.2
(74, 80),0.2
(74, 83),0.2
(74, 86),0.2
(74, 89),0.2
(74, 98),0.2
(74, 99),0.4
(74, 100),0.8
(74, 101),1.6
(75, 76),0.2
(75, 77),0.2
(75, 78),-1.7999999999999998
(75, 81),-1.7999999999999998
(75, 84),-0.8
(75, 87),-0.8
(75, 90),0.2
(75, 91),0.4
(75, 92),0.8
(75, 93),1.6
(76, 77),0.2
(76, 79),-1.7999999999999998
(76, 82),-1.7999999999999998
(76, 85),-0.8
(76, 88),-0.8
(76, 94),0.2
(76, 95),0.4
(76, 96),0.8
(76, 97),1.6
(77, 80),-1.7999999999999998
(77, 83),-1.7999999999999998
(77, 86),-0.8
(77, 89),-0.8
(77, 98),0.2
(77, 99),0.4
(77, 100),0.8
(77, 101),1.6
(78, 79),0.2
(78, 80),0.2
(78, 81),-1.7999999999999998
(78, 84),-0.8
(78, 87),-0.8
(78, 90),0.2
(78, 91),0.4
(78, 92),0.8
(78, 93),1.6
(79, 80),0.2
(79, 82),-1.7999999999999998
(79, 85),-0.8
(79, 88),-0.8
(79, 94),0.2
(79, 95),0.4
(79, 96),0.8
(79, 97),1.6
(80, 83),-1.7999999999999998
(80, 86),-0.8
(80, 89),-0.8
(80, 98),0.2
(80, 99),0.4
(80, 100),0.8
(80, 101),1.6
(81, 82),0.2
(81, 83),0.2
(81, 84),-0.8
(81, 87),-0.8
(81, 90),0.2
(81, 91),0.4
(81, 92),0.8
(81, 93),1.6
(82, 83),0.2
(82, 85),-0.8
(82, 88),-0.8
(82, 94),0.2
(82, 95),0.4
(82, 96),0.8
(82, 97),1.6
(83, 86),-0.8
(83, 89),-0.8
(83, 98),0.2
(83, 99),0.4
(83, 100),0.8
(83, 101),1.6
(84, 85),0.2
(84, 86),0.2
(84, 87),0.2
(84, 90),0.2
(84, 91),0.4
(84, 92),0.8
(84, 93),1.6
(85, 86),0.2
(85, 88),0.2
(85, 94),0.2
(85, 95),0.4
(85, 96),0.8
(85, 97),1.6
(86, 89),0.2
(86, 98),0.2
(86, 99),0.4
(86, 100),0.8
(86, 101),1.6
(87, 88),0.2
(87, 89),0.2
(87, 90),0.2
(87, 91),0.4
(87, 92),0.8
(87, 93),1.6
(88, 89),0.2
(88, 94),0.2
(88, 95),0.4
(88, 96),0.8
(88, 97),1.6
(89, 98),0.2
(89, 99),0.4
(89, 100),0.8
(89, 101),1.6
(90, 91),0.4
(90, 92),0.8
(90, 93),1.6
(91, 92),1.6
(91, 93),3.2
(92, 93),6.4
(94, 95),0.4
(94, 96),0.8
(94, 97),1.6
(95, 96),1.6
(95, 97),3.2
(96, 97),6.4
