38,47,44,24,44,21,31,18,22,5,13,49
45,46,9,17,22,38,32,13,39,13,41,3,14,31,47,19,24,19,6,10,20,16,48,14,24,46,1,17
44,37,13,41,48,23,24,49,45,13,20,20,39,37,8,50,5,34,21,40,46,42,24,23,18,2,21,38
5,10,14,44,42,6,49,1,9,19,24,50,2,2,22,4,14,32,44,35,32,46,50,43,38
1,8,42
15,2,6,40,42,1,4,46,9,34,37,14,31,42,46,43,7,39,50
48,36,36,48,36,8,10,31,29,48,12,21,8,12,48,23,33,1,41,7
12,7,11,25,35,43,12,16,41,14,23,23,8,7,9,15,1,38,50
18,16,46,31,38,1,21
5,10,44,43,7,4,44,15,6,50,21
2
9,14,11,5,38,24,28,21,8,43
44,47,28,41,47,34,44,14,27,11,20,49,1,11,7,7,45
31,12,19,42,15,44,8,27,20,30,40,23,23,1,46,38,32,6,6,36,1,39,47,23,4,17,11
6,32,12,23,35,5,28,34,28,33,13,24,44,12
8,42,28,16,35,39,33
23,21,15,31,29,19,36,5,6,14,50,7,29,13,5,11,34,6,40,24,26,27,34,39,46,21,20,39
6,5,9,44,15,43,41,18,4,48,32,11,44,28,5,24,31,5,48,9,15,23,15
21
