20,6,39,4,13,5,14,1,14,36,3,25,13,15,18,17,2,35
24,3,34,26,27,10,20,35
27,7,40,38,13,3,30,38,17,5,30,3
31,13,20,30,2,38
14,3,22,5,5,19,22,6,8,7,38,1,23,31,11
23,12,27,26,38,21,36,2,33,1,37,40,31,20
37,9,38,1,17,10,31,40,35,5,5,34,9,37,4,5,11
7,22,40,37,7,19,17,21
22,13,32,26,29,34,33,39,19,8,36,8,33,19,16,38,5,11,4
13,16,21,30,36,9,31
39,39,8,19,6
13,36,18,29,3,9,4,20,36,25,40,6,23,30,24
1,33,32,11,31,34,28,26,35,3,2,40,7,33,13,3,29
22,6,37,36,4,26,22,32,19,5,25,18,10,36,1,33,19,34,3,12,5,18,27
9,3,31,2,26,12,37,14,39,5,12,2
