24,45,39,41,7,5,21,2,19,23,30,22,7,21,11,46,23,42,6,5,24,10,30,44
43,19,39,13,26,1,6,47,19,21,36,32,32,10,42,28,39,27,2,15,6,23,23
19,39,49
1,42,32,29,25,4,6,3,19,49,27,38,41,15,37,31,49,48
49,7,41,42,46,12,27,24,20,46,22,30
7,15,11,9,1,34,13
30,28,38,37,13,12,5,23,23,46,45,36,14,23,40,30,37,25,40,8,31,44,42,16,10,50,3,17
17,48,45,39,33,44,47,28,29,31,20,33,12,36,10,5,17,23,19,2,22
9,44,27,33,29,21,38
50,24,42,42,49,15,28,9,22,27,12,13,18,20,19,22
39,31,34,11,28,4
4,32,15,50,42,19,14,22,14,27,5,16,2,28,34,17
41,14,9,19,12,5,28,28
8,35,13,49,47,24,42,16,21,44,33,35,34,21,17,10,7,48,19,46,18,50,14,48,31
8,49
29,30,47,39,25,40,7,50,44,38,46,34,9,36,2,20,43,2,20,37,12,36,12,9,40,33,42,7
1,5,14,41,1,30,34,1,41,43,39,15,14,7,14,38,25,41,8,26
13,21,44,28,18,33,35,19,46,46,32,6,17,48,1,39,44,14,49,25,13,7,38
20,45,19,17,38,16,25,13
45,37,49,39,10
