26,16,42,50,36,10,22,46,9,6,13,34,42,34,27,12,15,47,8,8,7,47,2,44,34,40,48,41,5,8
37,23,2,10,2,30,18,34,44,6,46,44,20,43,23,3,3
40,15,19,48,40,21,49,22,11,43,31,38,50,36,24
5,32,34,9,39,47,23,46,10,50,14,47,2,26,14,16,27,8,6,27,33,19,11,41,37,2
31,39,16,12,22,41,2,27,19,8,33,34,9,27,23,26,33,30,30,21,10
48,9,23,27,34,8,20,27,42,12,24,20,27,38,7,19,31,30,24,40,11,24,32,10,33
3,28,6,14,8,29,1,31
17,42,36,12,12,32,39,22,15,27,25,34,18,22,1,38,27,24,34,27,41,21,40,27,28
9,22,46,31,31,30,28,17
27,30,3,46,43,37,26,50,32,24
38,35,19,31,33,30,3,18,12
11,16,17,47,26,3,24,2,28
9,42,42,14,10,16,26,22,37,41
49,12,21,30,20,7,21,48,16,16
17,18,34,16,42,18,23,49,43,20,41,38,10,15,33,48,19,48,23,10,6,2,10,42,23,41,30
34,28,15
10,47,15,30,26,1,25,42,2,22,36,23,5,10,46,41,19,7,15,20,8,27,28,21,15,1
33,38,18,48,13,40,11,43,7,40,41,20,20,2,44,12
10,23,29
11,37,35,37,43,29,41,43,30,21,3,24,4,17,39,26,30,49
33,50,9,22,15,35,25,7
