[251  23 196  25  63 209  15 208  62  61  60 210 242 246  21 244  72  24
 204 205 252 200 255 203  20  22 243  19 202 133 131 166  87 163 192  33
  91  94  28 234 239  30 195 225 143 229 146 149 232 124  39 191 126 238
 160  82 112 152  29  31  34 154 254  69  66  18  73 207  65 248 250 198
 247  67  13 245  17 253 241  27 249  26  16  14  70 206 199  59  71  58
 201  64  68 240 197 145 105 179 235 189  92 120 171 182 123  79 147 155
 184  86 107  32  76 162 140  37  98 167 153 181 185  84 142 148 132  35
 115 127 164  90  42 175  44  93 157 159 187 129 170 134  77 183 227 104
 138  96 186 135 165 177 113  75 128 174  74 193 156 233  85 151 144  83
  43  95 161 109  81 101 236 190  78 168 118 194 237 173 188  36 116 169
 122  41 110 119 111  38 103 139 125 106 136 228 176 231  88 102 158  89
  40 130 114 150 117 137 100 108 230  97 172 180  99 178 226  80 141 121
  52  53   8 260 259 215 224 223 262 217 216 261 268 266 221 265 220 219
 264   3  49  48   4  50   5 222 267 269   2   1  47   6   7  51 263 218
  46  45   0 213 257 258 214  10  56   9  54  11  55 256  12  57 211 212]