[247 211 254 248 213 205 207 257 261 208 253 215 256 203 255 206 252 214
 249 251 209 204 260 216 210 250 259 212 258 242 198 199  83 232 189 179
 235  35 192 238 188  81 131  84 191  93  36 246 226  86  38  40  37 194
 116 200 145  88  82 230  89 195  31  70  33  19  73  32  66  74  75  65
  78  22  26  71  67  27  34  72  76  20  28  21  68  79  29  25  30  23
  69  64  80  24  77 176 119 148 163 170 140 106 109 112 141 134 133  42
  39 162  87 127 102 143 150  85 128 142 169 110 161 174 166 113 171  44
  41 100 146 132 160 105 120  43 156 178 123 153 236 231 190 104 126  96
 139 241 243 114 130 186 137 245 135 244 202 233 152 167 228 187 225 165
 229  91 201 237 234 111 239 193 227 196  99 240 197 118 157  95 144 173
 147 122 117 136 158 103 151 155 124 107 121 184 125 108 172 138  92 168
  90 180 175 183 181  97 101 149 177 129 154  98 182 115 159 164 185  94
  10  11  56 220 219 264   0  48 265  57  12  58  47 269 224 268 223 267
 222   7   6  51   8  53  52   3  49  45   5  50   4  55   9  54 221 266
   2   1  46 262 263 217 218  15  13  14  16  59  60  17  18  62  63  61]