[249 213 259 248 203 253 212 254 257 206 252 204 208 207 216 202 258 260
 205 210 209 247 214 211 250 251 255 256 215 187  35 103  44 133  82 189
 183  38  80 225 243  86 134 237  42  37 238  83 200 231  36  39 197  81
 199 119 239 233 240 235 196 137  24  75  32  27  19  33  71  74  18  70
  66  79  23  21  78  73  67  77  76  31  65  20  30  28  68  64  72  29
  22  69  34  25  26 179 114 125 165 143 124 131  41 132 167  43 108 105
 158 166  88 101 151 178 160 130 123 117 116 112 163  85 127 173 152 102
  40 174 100 141 154  87 149 155 142  89  84 144 195 171  95 230 227 194
 164 135 156 186 180 244 192  99 198 148 226 139 242 232 188 246 191 190
 136 153 168 175 138 193 229 115 201 236 241 234 245 159 161 169 146 170
 228 181 109 184 140  92 182 157  97  98 106 129 172 177 162  96 185 104
 126 147 121 122  94  90 145 150 110  91 111 118 113 128 120 176  93 107
  10  11  56 264 219 220  45  48 265  12  57  13   2 269 224 268 223 267
 222  52  51   6   8  53   7   3  49   0   4   5  50   9  55  54 266 221
  46   1  47 218 217 262 263  60  58  16  14  59  15  62  63  61  17 261]