[ 434 3162 3206  436  387 3205  388  425  375  438  389 3161  424  396
  433  395  437  373  393 3165  394  385 3207 3159  422  383  370 3160
  390  441 3163  391  397 3208  439  435  392  504  507  506  500  508
  505  543  454  452  544  541  498  496  497  587  499  456  509  463
  588  451  503  459  501  458  457  453  450  540  461  495  502  586
  460  585  510  455  464 1584 1376 1714 1760 1718 1715 1779 1665 1757
 1793 1765 1685 1713 1422 1417 1582 1668 1430 1388 1670 1634 1583 1724
 1741 1783 1787 1575 1380 1764 1535 1712 1393 1678 1676 1751 1689 1534
 1711 1716 1581 1384 1415 1730 1532 1627 1381 1771 1435 1753 1373 1539
 1687 1778 1684 1790  731  729  722  787  724  747  738  777  730  630
  773  748  723  769  786  774  794  782  732  775  720  789  767  725
  768  721  726  776  739  736  734  785  771  765  746  790  728  778
  770  727  772  788  735 1984 2154 1891 2114 2048 1890 2092 2059 2009
 2023 2033 1993 2112 1997 1998 2063 2142 2022 2103 1987 2158 2007 1985
 2100 1995 2041 2140 2008 2061 2046 2019 2153 2002 1989 2068 1992 2102
 2012 2020 2004 2108 1982 2018 2138 2011 2155 2141 2000 2026 2028 2057
 2099 2150 2151 1991 2006 2757 2739 2871 2702 2742 2749 2827 2720 2722
 2762 2777 2758 2822 2718 2726 2874 2736 2825 2743 2768 2774 2744 2865
 2710 2818 2876 2832 2706 2733 2862 2775 2740 2878 2707 2816 2715 2819
 2782 2708 2773 2701 2820 2734 2868 2610  548  546  604  558  589  615
  564  573  549  612  608  581  557  569  560  611  593  596  577  621
  591  620  597  624  590  545  617  553  613  542  627  571  607  554
  625  623  565  594  601  547  551  592  555  550  595 1003 1248 1205
 1087 1199 1001  994 1038  995 1073  999 1008 1156 1130 1059 1035  996
 1209 1090 1212 1081 1036 1200 1043 1022 1054 1115 1141 1084 1007 1144
 1065 1075 1167 1002 1137 1252 1148 1012 1069 1259 1139 1061 1028 1168
 1127 1017 1049 1146 1077 1152 1092 1106 3072 3070 3114 3120 3140 3129
 3073 3121 3132 3079 3109 3111 3092 3068 3091 3066 3083 3071 3067 3089
 3126 3069 3112 3115 3065 3078 3107 3110 3063 3116 3131 3139 3113 3130
 3122 3119 3137 3064 3090 3125 3117 3127 3106 1330 1289 1288 1429 1335
 1436 1439 1500 1297 1440 1355 1333 1356 1329 1370 1383 1466 1364 1287
 1366 1346 1446 1423 1331 1283 1332 1372 1519 1285 1369 1396 1344 1290
 1334 1425 1495 1286 1292 1443 1431 1460 1291 1336 1389 1420 1498 1365
 1294 1438 1347 1338 1361 1341 2380 2511 2383 2473 2426 2474 2459 2439
 2468 2463 2499 2378 2477 2424 2469 2445 2372 2376 2440 2458 2437 2498
 2506 2429 2370 2448 2464 2510 2456 2496 2495 2446 2444 2479 2442 2436
 2418 2419 2462 2470 2467 2472 2377 2220 2107 2093 2169 2234 2079 2104
 2070 2065 2083 2131 2237 2095 2109 2146 2226 2200 2199 2190 2243 2216
 2196 2167 2067 2201 2164 2074 2238 2143 2219 2211 2225 2247 2227 2064
 2206 2144 2236 2195 2205 2130 2187 2069 2077 2184 2117 2135 2116 2224
 2113 2186 2088 2185 2221 2245 2197 2198 2239 2110 3093 3181 3184 3104
 3189 3098 3144 3193 3191 3229 3180 3230 3190 3231 3224 3225 3188 3145
 3141 3228 3194 3147 3185 3232 3227 3186 3100 3097 3187 3233 3192 3146
 3234 3183 3103 1789 1672 1681 1799 1747 1693 1797 1734 1624 1621 1737
 1651 1736 1677 1641 1637 1777 1729 1675 1766 1576 1626 1701 1620 1653
 1633 1794 1649 1791 1776 1667 1706 1692 1673 1788 1690 1740 1722 1638
 1674 1708 1796 1768 1704 1644 1635 1639 1577 1643 1726 1699 1739 1772
 1763 1691 2684 2623 2676 2685 2678 2639 2688 2689 2675 2636 2625 2698
 2620 2680 2666 2638 2686 2622 2668 2562 2637 2663 2692 2563 2627 2609
 2687 2648 2645 2699 2635 2619 2634 2691 2664 2626 2631 2695 2677 2629
 2672 2694 2673 2662 2624 2652  473  516  474  527  528  476  462  483
  529  521  469  515  465  517  478  479  472  514  523  477  471  482
  526  518  480  513  466  511  470  481  475  524  519  525  512  522
  520  468  467 2915 2995 3002 2912 2916 2954 3049 3046 3051 3055 2914
 2958 2966 2993 2967 2957 2923 2994 2959 2920 2913 2908 3054 3007 2996
 2910 2998 3013 3011 2960 2917 2911 2964 3001 2961 3050 2956 2955 3059
 3012 2999 3037 2450 2487 2571 2566 2449 2451 2480 2497 2453 2430 2503
 2483 2492 2454 2476 2504 2488 2572 2485 2441 2489 2522 2526 2432 2530
 2494 2435 2524 2460 2481 2484 2434 2491 2576 2490 2565 2502 2529 2568
 2475 2493 2455 2452 2478 2438 2482 2528 2501 2457 2443 2525 2507 2521
 2461 2523 2643 2551 2564 2650 2527 2557 2535 2532 2588 2600 2546 2690
 2592 2603 2586 2552 2601 2641 2697 2608 2642 2644 2561 2653 2582 2560
 2598 2575 2578 2536 2654 2531 2559 2587 2593 2585 2554 2651 2574 2579
 2693 2550 2647 2607 2649 2640 2539 2646 2696 2549 2544 1863 1853 1821
 1804 1840 1873 1827 1816 1843 1878 2175 1831 1819 2166 1865 1818 1886
 1866 1858 2218 1854 1867 1883 1855 1880 1868 1862 1877 1820 1815 1822
 2162 1814 1838 1875 2209 1881 2222 1852 1879 1870 1842 1869 1859 1829
 2171 1848 1826 2214 1811 1839 1864 1850 1812 1807 1806 1874 1836 1970
 1956 1888 1841 1835 1923 1889 1955 1978 1927 1932 1832 1833 2025 1959
 1961 1951 1908 1930 1830 1931 1958 1901 1823 1979 1942 1977 1948 1887
 1963 1876 1885 1872 1933 1824 1837 1983 1825 1945 1934 1834 1871 1952
 1921 1904 1920 1938 1884 1973 1962 1924 1844 1828 1882 2953 2891 2950
 2906 2898 2896 2951 2941 2901 2907 2893 2946 2937 2935 2949 2945 2952
 2943 2899 2888 2936 2938 2939 2948 2890 2892 2903 2947 2904 2934 2895
 2940 2909 2900 2902 2942 2894 2905 2897 2944  889  843  832  842  898
  847  851  888  824  831  844  841  825  845  850  849  826  890  848
  893  895  894  872  854  867  892  878  834  891  822  883  882  853
  839  896  869  881  846  885  828  887  875  880  829  852  715  654
  665  712  713  666  696  659  709  661  652  705  710  671  672  703
  711  707  698  668  663  706  702  669  664  662  670  655  701  657
  708  658  699  667  653  704  660  714  716  656  700 3243 3289 3199
 3204 3242 3241 3202 3152 3195 3151 3154 3157 3288 3287 3156 3150 3158
 3245 3240 3200 3244 3153 3201 3286 3198 3290 3155 3196 3285 3203 3197
 3291 1307 1246 1223 1211 1243 1263 1182 1108 1219 1162 1233 1317 1311
 1234 1191 1272 1185 1215 1319 1241 1180 1231 1313 1267 1220 1111 1190
 1218 1208 1210 1123 1161 1151 1192 1204 1194 1172 1316 1225 1305 1314
 1183 1155 1165 1202 1159 1270 1257 1164 1176 1154 1310 1251 1273 1197
 1169 1941 2134 2128 2235 2016 2156 2193 2055 2106 2182 2192 2191 1937
 2232 2178 2217 2034 2210 2013 2066 2120 2168 2240 2207 1894 2241 2062
 2159 2173 2039 2194 2163 1899 2137 2229 2122 2098 2080 2036 2089 1940
 2031 2005 2188 2189 2177 2044 2233 2073 2213 2001 2160 2183 2124 2148
 2179 2215 2071 2086 1411 1348 1488 1353 1382 1463 1351 1455 1339 1454
 1468 1405 1407 1511 1457 1512 1385 1503 1485 1378 1426 1408 1486 1390
 1367 1342 1379 1432 1447 1449 1377 1343 1472 1387 1450 1490 1434 1299
 1349 1401 1375 1368 1516 1505 1410 1302 1345 1394 1418 1497 1437 1444
 1400 1340 1416 1402 1509 1414 1404 1419 1428 1506 2589 1300 1403 1337
 1489 2581 1508 1392 2590 1371 2547 1451 2591 2594 1386 1453 2541 1374
 1296 1359 1391 1409 1448 1412 1421 2540 1303 1354 1295 1301 1413 1298
 1406 2542 1474 1442 1458 1350 1514 1459 1352 1363 2583 1427 1433 1492
 1304 1501 2580 1293 1424 3166 3167 3179 3168 3223 3219 3172 3217 3169
 3216 3213 3177 3176 3214 3218 3215 3171 3175 3178 3221 3222 3170 3211
 3212 3174 3173 3210 3182 3226 3220 3164 3209 1051 2420 2381 2423 1045
 1153 1105 1082 1066 2425 1112 1027 1042 1138 1140 1064 1098 1125  990
 1053 1101 1089 1046 1131 2519 2427  998 1067 1145 1103 1040 1057 1062
  993 2374 2517 1128 1029 1070 1050 1060 1010 1004 1142 2384 1091  992
 2422 1133 2516 2660 2737 2731 2784 2700 2769 2717 2705 2713 2748 2875
 2873 2771 2728 2658 2750 2824 2756 2831 2611 2829 2779 2752 2867 2833
 2747 2870 2872 2614 2785 2729 2615 2732 2879 2721 2789 2754 2780 2823
 2781 2877 2821 2787 2783 2657 2776 2786  949  907  953  916  904  958
  966  931  939  959  919  912  960  985  935  925  906  933  954  971
  913  950  909  977  908  928  986  915  956  969  989  905  937  914
  968  942  967  955  981  975  974  920  910  957  952  951  911  962
  983 1625 1540 1599 1578 1623 1536 1531 1698 1602 1628 1664 1547 1694
 1669 1682 1686 1640 1541 1580 1656 1594 1652 1546 1545 1636 1647 1645
 1585 1671 1632 1703 1579 1629 1695 1631 1679 1553 1548 1688 1648 1530
 1622 1600 1630 1707 1597 1666 1646 1544 1655 1533 1537 1683 1680 1642
 1542 1586 1538 1659 1601 1595 1705  877  816  873  902  886  903  946
  820  861  884  837  859  817  813  863  833  901  821  864  855  879
  876  945  948  812  840  815  871  947  860  818  862  819  868  836
  865  827  858  810  823  838  870  814  830  866  835  856  857  900
  874  811 2056 2051 1969 1964 2040 1929 1898 2037 2053 1975 1896 1914
 2014 1953 2047 1928 1906 1936 2038 1905 2030 1996 1976 2027 2045 1988
 1902 1960 1895 1935 1909 2050 2032 1967 1957 1946 2015 1974 2010 2042
 2035 1912 1917 1893 1926 2003 1965 1944 2043 1981 2054 2029 2058 1947
 2157 2127 1918 2090 1949 2024 1986 1907 1911 1916 1994 2101 2017 2060
 1925 1939 1943 1990 1980 2132 2147 1972 2139 1913 2096 2125 2123 2091
 2105 1971 2152 1999 2126 1922 1915 1897 2121 1954 1900 1968 1910 2021
 1950 2087 1903 2049 1892 2075 2111 1919 2052 1966 2129  448  442  491
  538  445  533  486  489  449  536  400  537  485  443  447  398  531
  493  488  402  490  494  535  404  539  532  401  534  446  492  530
  484  440  444  403  487  399  432  379  429  416  426  420  384  423
  419  378  377  417  372  367  368  430  431  376  412  381  411  413
  380  415  374  428  369  371  418  382  414  386  421  427 1315 1326
 1099 1253 1320 1179 1088 1271 1328 1266 1174 1262 1323 1086 1277 1121
 1238 1177 1281 1280 1322 1324 1318 1102 1213 1235 1325 1284 1279 1094
 1276 1247 1195 1282 1264 1110 1278 1260 1188 1274 1321 1135 1149 1327
 1181 1275 1229 1186 1097 1269 1198 1216 2333 2301 2249 2203 2263 2331
 2269 2242 2282 2274 2329 2326 2244 2339 2251 2290 2287 2300 2266 2315
 2292 2272 2202 2250 2320 2387 2291 2386 2337 2336 2309 2285 2248 2388
 2279 2294 2297 2307 2298 2323 2280 2204 2256 2332 2293 2288 2334 2267
 2289 2246 2335 2283 2313 2286 2304 2318 2305 2338 2260 2322 1800 2076
 2231 2081 2078 2176 2082 1802 2072 1851 2181 2180 1809 2212 1803 2208
 2230 2119 1846 2097 2170 2085 2133 1857 1758 1817 2149 1808 2172 1861
 2174 1801 2094 2118 1856 2161 1756 1849 1759 2115 1810 2145 1847 1805
 1755 1860 1813 1710 2223 2084 2228 2136 1845 2165  599  622  629  600
  673  576  603  568  628  598  570  574  575  567  610  580  606  717
  582  718  584  614  618 2987  562  572  559  719  626  674  552  609
  566  605  616  556  602  578  561  583  579  619  563 2886 2926 2810
 2927 2929 2801 2885 2845 2889 2793 2928 2930 2887 2811 2799 2798 2796
 2849 2855 2838 2806 2846 2805 2844 2795 2931 2839 2790 2933 2881 2840
 2932 2852 2925 2807 2848 2836 2809 2802 2804 2853 2835 2792 2842  634
  682  644  687  688  632  676  639  631  647  635  677  646  684  637
  697  685  678  643  641  633  679  689  649  645  651  680  690  638
  692  650  766  694  642  648  686  681  683  640  691  693  695  636
  675 1076  926 1078  982 1021  941 1025  980 1034  940  973  930  943
  934 1058  924 1015  987  922  979  984  921  938  965  936  976  918
 1068  970 1055 1018  927  978 1032  944 1026  961 1011 1074  923  963
  964  988  932 1019  972  929  917 3235 3239 3136 3095 3080 3102 3077
 3134 3143 3142 3084 3075 3085 3238 3096 3101 3237 3124 3149 3133 3135
 3118 3094 3074 3138 3123 3082 3087 3128 3236 3088 3081 3076 3086 3148
 3099 2348 2310 2358 2390 2257 2369 2340 2395 2389 2327 2355 2407 2278
 2416 2415 2366 2268 2402 2368 2413 2409 2258 2360 2321 2367 2401 2361
 2299 2316 2330 2273 2342 2410 2252 2396 2359 2347 2328 2306 2414 2352
 2398 2412 2411 2408 2264 2399 2394 2281 2391 2284 2365 1728 1748 1662
 1696 1792 1754 1720 1781 1785 1733 1661 1786 1752 1654 1742 1750 1697
 1780 1749 1657 1732 1743 1709 1717 1775 1660 1650 1798 1773 1745 1719
 1762 1769 1784 1735 1738 1725 1767 1727 1702 1721 1795 1770 1744 1723
 1731 1700 1658 1774 1663 1761 1746 1782 2605 2433 2375 2602 2505 2558
 2500 2486 2596 2569 2373 2570 2537 2543 2599 2520 2573 2371 2379 2533
 2545 2466 2534 2567 2421 2382 2518 2512 2514 2465 2555 2597 2577 2431
 2584 2447 2508 2513 2515 2509 2471 2548 2417 2428 1525 1502 1462 1357
 1483 1496 1456 1528 1461 1504 1481 1608 1494 1524 1484 1517 1614 1487
 1469 1522 1520 1358 1527 1473 1567 1513 1562 1399 1568 1566 1609 1445
 1360 1362 1441 1397 1617 1605 1615 1398 1561 1464 1493 1491 1465 1499
 1476 1574 1395 1616 1565 1559 1478 1452 1618 1470 2633 2617 2751 2683
 2753 2682 2621 2704 2679 2538 2595 2656 2727 2765 2724 2767 2604 2616
 2669 2711 2761 2763 2628 2755 2661 2723 2612 2746 2674 2606 2667 2618
 2703 2659 2670 2745 2764 2655 2613 2630 2709 2770 2665 2760 2759 2632
 2681 2712 2553 2556 2671 3026 2970 2980 2974 3029 2985 2983 3031 3016
 3022 3015 3028 3108 3060 3032 3019 2978 3025 3023 2971 3061 2977 3021
 2976 3018 3105 2973 3027 2981 2986 3062 3017 3030 3024 2984 2972 2975
 3020 2982 2979 1023 1009 1000 1048 1013 1143 1085 1116 1020 1100 1132
  997 1119 1044 1134 1157 1095 1033 1024 1031 1071 1079 1129 1072 1063
 1016 1158 1005 1096 1118 1039 1047 1107 1037 1104 1030 1093 1083 1136
 1080 1006 1150 1014 1056 1041  991 1052 1109 1147 1126 2397 2265 2364
 2400 2344 2308 2341 2405 2253 2350 2296 2261 2302 2259 2275 2385 2393
 2404 2357 2406 2392 2353 2276 2362 2351 2254 2312 2354 2349 2363 2262
 2317 2255 2303 2403 2270 2325 2295 2319 2314 2343 2345 2356 2346 2271
 2311 2324 2277 3009 2919 3053 3035 3041 2963 3014 3043 3034 3038 3036
 2988 2991 3044 2989 2924 3040 3008 3047 3052 3039 2997 2968 3058 3000
 3056 2922 3006 3010 2921 3057 2962 3005 2965 2990 3003 3045 3004 3033
 3048 2992 3042 2918 2969 2719 2730 2812 2882 2883 2814 2735 2828 2864
 2880 2884 2854 2817 2860 2841 2856 2791 2826 2808 2866 2797 2794 2847
 2863 2830 2859 2869 2778 2716 2861 2815 2813 2738 2741 2766 2803 2857
 2843 2834 2800 2850 2725 2772 2858 2714 2837 2851 2788 1543 1598 1563
 1549 1596 1556 1610 1560 1603 1477 1526 1552 1589 1515 1550 1591 1521
 1482 1587 1471 1619 1467 1557 1479 1573 1612 1555 1529 1572 1554 1480
 1607 1569 1588 1523 1551 1611 1592 1604 1590 1570 1593 1564 1475 1518
 1510 1558 1613 1606 1571 1507  758  796  751  792  733  897  802  805
  800  737  799  764  780  761  798  797  779  759  757  744  742  781
  806  803  807  755  784  752  754  741  760  749  795  753  763  808
  745  740  762  750  899  801  783  793  791  809  743  804  756 1113
 1203 1312 1244 1160 1166 1306 1265 1222 1236 1256 1217 1206 1173 1228
 1268 1122 1245 1120 1258 1254 1239 1184 1178 1240 1170 1201 1309 1189
 1237 1232 1227 1221 1255 1249 1171 1242 1207 1308 1124 1114 1226 1193
 1230 1163 1261 1224 1250 1117 1214 1175 1187 1196 3557  113  114  158
 3448 3493 3447   84   40   39   54   67   23 3559  294  293  340  339
  337  338  292  193  241  194  240  196 3535 3534  139   94   93  138
  312  357  356  311  310  261  263  262 3408  217    0   29   28   73
   60   59 3555   22   21  122  168  167  100  145  144   55   56  131
  177  132 3528 3527 3397 3354 3399 3398 3353 3547 3591 3592  149  106
  105  104   35   34 3394 3349 3395 3350  346  300  343  299  345  344
 3526 3572 3331 3377 3376 3566 3590 3545 3546  220  266  222  221   24
   25   70 3381 3382 3336 3337 3459 3504 3505 3573 3529  121  120  166
  218  264  219  265 3564 3390 3391 3344 3346 3345 3432 3476 3431    8
 3478 3433 3477    3   69   68 3246 3249 3294 3248 3247 3293 3292 3250
   97  141  142  117  162  116 3517 3563 3252 3295 3297 3296 3253 3251
 3388 3343 3342 3389  358  359  314  269  313   12   11 3324 3326 3325
 3280 3279 3281 3475 3430 3429 3409 3365 3410 3364  242  197  198  243
  252  206  205  251 3437 3483 3482 3518 3446 3491 3492 3490   51    6
 3442 3487 3443  290  291  289  335  336  119  164  165 3525 3569 3497
 3496 3451  147  101  146 3479 3434 3435 3507 3508 3462  230  229  184
  185 3392 3347 3393 3348  305  351  352  350  306  349 3436 3481 3480
 3561   62   61   75   76    4   49   85   86 3553 3599 3464 3383 3339
 3384 3338 3406 3405 3360 3359   87   41   78   79 3457 3501 3456  143
   98   99   96  140   95 3471 3426 3427 3472 3372 3371 3415 3418 3417
 3380 3335 3334 3379 3299 3300 3255 3254 3298 3412 3366 3411 3367 3413
  321  276  319  275  322  320    2   66   20 3445 3489 3444 3581 3537
 3582 3461 3460 3506  239  195  238  237  268  224  223  267 3523 3522
 3512   19   18  189  234  233  188 3571 3570   45 3454 3499 3500 3455
  152  107  154  153  108 3352 3396 3351  169  124  123  128  129  173
  174 3311 3267 3266 3313 3312   36   82 3369 3416 3368 3414 3370    9
 3402 3401 3355 3356 3400  134  179  178  133 3558 3513 3306 3304 3262
 3261 3307 3305 3259 3260  250  248  249  204   81   80 3541 3540 3552
 3598    1  315  360  405  406  362  407  270  361   33   77    5 3568
 3524 3521 3567  203  202  246  247  136  137   92  329  285  331  286
  330  284 3425 3469 3470 3318 3319 3320 3276 3274 3275  160  115  159
  161  163  118  227  228  183  182 3439 3484 3485 3438 3584 3585  109
  156  110  155 3271 3272 3316 3273 3317 3302 3256 3303 3301 3257 3258
 3450 3495 3449 3494  334  287  332  288  333  272  317  318  271  316
  273  274   50  307  309  354  353  308  355   26   71 3453 3452 3498
 3588 3589 3544 3597 3596 3551 3565 3520 3519 3515 3474 3428 3473    7
   52 3595 3550   30   74  186  232  187  231 3530 3574 3358 3357 3403
 3404  207  208  254  209  253 3514   64   65 3587 3543 3488  151  150
 3374 3373 3329 3419  172  171  127 3549 3593 3548 3594   10 3314 3315
 3269 3268 3270  180   91   90  135   14   58   48 3458 3503 3502 3538
 3539 3583  103  102  148 3580 3536 3575 3576 3533 3532   53  301  348
  302  304  347  303   32   31   37   38   83  226  181  225 3554 3509
 3463   13   57  126  125  170  130  176  175   47 3441 3486 3440 3330
 3420 3375 3465  192  236  191  190  235  280  278  324  323  279  277
  365  410  363  408  366  364  409 3531 3577 3468 3424 3423   46 3322
 3323 3278 3277 3321  245  244  199  200  201 3421 3422 3466 3467 3578
 3579 3516  342  298  296  341  295  297 3562 3265 3308 3310 3309 3264
 3263  157  111  112 3333 3332 3378 3284 3327 3282 3283 3328 3387 3385
 3340 3386 3341  258  213  214  212  257   16   15  281  282  327  328
  325  283  326  211  210  255  256  260  259  215  216   44   88   89
 3542 3586 3560   17   63 3510 3511 3556   42   43 3407 3362 3361 3363
   27   72]