[529 565 243 257 426 265 320 367 588 354 288 544 395 304 552 473 294 299
 275 325 270 252 560 297 401 248 586 535 513 521 261 281 583 562 312 241
 658 672 670 677 678 654 668 649 646 653 674 651 667 656 676 650 652 675
 657 665 647 673 645 666 671 648 655 590 520 563 564 635 624 607 545 618
 526 541 598 591 523 636 576 567 574 568 579 572 573 589 548 561 611 585
 550 637 605 577 609 608 633 612 599 634 582 204 227 604 570 566 205 207
 600 571 592 616 623 630 606 596 593 602 639 584 575 632 226 587 601 569
 594 206 628 460 479 501 450 483 438 337 402 373 505 327 454 448 415 390
 353 386 433 349 493 408 519 477 380 446 443 516 339 491 508 364 404 518
 377 410 184 172 175 188 176 173 191 193 171 192 178 190 120 162 169 121
 186 167 163 194 165 160 174 181 669 177 359 502 485 539 424 489 346 382
 468 431 445 366 537 507 290 553 427 451 476 286 436 461 392 497 554 434
 556 474 495 492 342 463 282 419 333 313 202 331 361 221 247 254 242 223
 345 394 391 200 348 285 338 203 310 251 280 318 225 268 240 335 365 308
 256 244 296 201 397 224 322 303 222 279 389 132 112  91 157 108  88 158
 139 134 150 119 156 115 153  89 116 109 117 131 133 155  98  94 111 129
  87 379 266 321 357 376 267 403 393 425 306 283 324 319 409 249 332 336
 276 311 309 387 370 384 381 347 300 400 316 273 264 278 271 315 274 350
  97  92 659 152 698  99 679 715 135 110 113 719 159 699 697 717 137 118
 138  95 695  93 136 716 696 114  96 718  90 154 517 525 488 444 486 543
 484 449 555 538 528 475 453 498 457 442 533 478 557 417 482 580 490 429
 412 540 514 440 439 527 466 549 435 581 532 447 413 531 500 559 511 471
 515 542 712 687 709 703 710 706 711 685 694 686 714 713 690 704 689 684
 693 708 705 692 691 707 688 104  84  85 720 680 106  82 700 683 682 107
 721 702 701 102 103  86 101 105 740  83 681 663 660 640 638 631 610 625
 626 641 597 617 662 620 619 629 595 643 661 622 642 615 614 627 644 603
 613 578 621 664 368 558 343 496 396 458 372 414 360 504 551 480 467 383
 530 499 536 328 437 455 378 422 352 534 462 487 430 522 547 406 470 524
 356 546 512 330 245 314 432 399 428 220 260 510 459 465 363 269 246 369
 423 334 317 420 375 262 340 250 277 253 258 284 472 272 255 481 292 263
 344 287 124 146 145 122 166 143 170 147 180 127 185 182 183 187 161 189
 164 168 141 130 144 140 149 151 125 128 148 126 142 123 421 293 341 388
 452 362 441 398 385 411 329 351 416 371 259 494 307 302 326 405 295 418
 506 503 407 355 289 464 509 456 469 298 301 323 305 358 291 374 238 228
 179 239 229 209 196 219 198 233 236 197 211 214 195 213 210 234 216 232
 199 208 217 212 237 231 215 235 230 218   8  28   4 776 796  69  49  67
  70  68  48  66  45  47  64  65  46  16  15  43  62  63  44  42  41 782
   6   7 755 754 753  10 773  30  29 784  20 730 729 728 749 761 783  54
  76  75 760 765 785  22  14  33  55  56  57 788 789 768   2  31   9  25
  32  13 772 771  52  50  71  51  39  79  59 735 734 733 732 797 777 791
 792 793 774  78  58  77   1 726 748 727 747 100  80  40  60  61  81  24
 737 756 736 738 758 757  26  27  36  37 779 778 798  19  18 799 739 759
 762  21 781 766 787  12  11 724 746 745 725 744  35  34 764  72  73  74
  53 794 795 775 786 767 722 742 743 723 741   5  38  17 752 750 751 731
   0 763  23 790 769 770 780   3]