348,480,385,77,108,402,159,238,321,96,28,49,303,446,267,294,413,382,17,102,491,18
384,210,345,318,486,377,473,244,413,373
26,448,487,266,396,364,12,178,489,114,488,461,373,199,158,246,474,283,481
271,211,472,34,442,473,349,246,148,414,423,201,372,144,159,365,438,380,33,430,305,253,400,332,340,221,118,211,100,164,47,351,373,87,423,379,300
122,2,175,177,119,126,447,441,72,400,77,155,477,54,89
22,109,426,101,343,163,367,386,472,280,493,396,197,458,123,103,328,232
375,122,334,182,374,328,248,47,197,119,497,96,101,144,153,263,165,123,407,500,165,5,287,242,5,442,111,7,440,379,387,131,437,443,60,235
165,258,202,404,61,51,372,359,447,125,312,114,447,408,289,225,33,244,23,293
483,188,297,10,315,267,238,449,435,426,159,145,234,247,415,327,360,58,176,363,327,392,436,72,300,358,453,132,168,134,200,161,467,89,113,15,255
314,431
176,67,432,32,390,234,499,252,347,363,209,27,355,206,335,27,334,403,357,100,404,270,164,80,256,344,111,152,244,145,102,364,308,248,435,6,224,413,427,266,288,55,52
128,463,489,297,54,126,422,121,227,159,476,250,28,84,410,269,496,87,330,388,36,389,9,203,171,148,492,79,498,409,257,272,372,39,389,489,12,346,233,408,52,103,311,80,398
446,488,364,419
403,426,87,444,289,249,305,282,282,263,88,91,412,106,412
170,264,370,220,50,483,297,295,457,304,224
347,440,153,204,33,462,1,423,20,327,475,233,330,305,341,179,197,17,453,270,63,466,465,254,64,79,25,215,41,222,290,48,121,63,60,268,165,341,25,494,355,317,457
302,107,411,155,455,297
337,269,128,240,109,273,492,370,149,378,44
39,409,401,123,91,207,451,445,268,339,37,287,56,386,307,247,476,59,239,23,346,228,281,460,35,439,208,472,22,432,244,317,280,303,359,65,199,158,53,103,121,215,112
183,349,382,334,406,367,172,80,495,206,464,29,196,22,289,182,138,25,405,77,126,177,195,334,51,324
470,434,480,401,368,381,498,61,420,252,255,54,455,470,148,30,350,462,378,299,116,205,159,206,316,451,320,264,309,153,479,446,212,433,367,342,202,159,20,2,500,163,67
171,297,79,200,35,423,433,234,80,290
66,367,203,449,279,448,391,309,6,15,122,53,382,29,357,382,79,232,113,327,323,91,481,393,68,453,381,252,67,426,440,34,432,397
38,469,272,182,489,432,386,422
28,140,216,413,206,402,494
124,225,29,55,426,129,367,141,424,499,115,154,295,191,196,234,219,453,364,247,387,59,113,419,340,484,435,420,227,339,127,190,341,334,425,90,361,339,40,165,277,231
480,146,199,292,83,490,175,194,40,69,342,51,74,67,467,300,229,410,157,59,315,288,50
467,267,392,284,404,9,8,373,95,177
357,258,481,147,247,346,450,134,447,306,481,289,298,432,217,192,254,32,492,107,451,130,100,149,405,102,442,261,410,55,388,201,470,422,467,164
447,455,120,187,381,397,171,36,367,227,334
164,449,415,356,474,395,139,461,396,217,491,399,15,32,418,287
444,337,452,238,76,299,126,403,52,173
252,493,282,346,191,428,196,71,12,92,421,14,206,401,407,434,22,436,225,112,50,130,451,341,156
368,203,70
301
396,191,77,289,499,276,148,345,123,79,6,212,424,31,217,349,287,55,208,133,379,216,178,396,97,427,372,435
436,368,118,1,166,93,380,339,382,55,139,406,461,39,223,89,483,274,163,308,304,313,306,432,324,400,341,35
445,348,299,465,190,415,315,396,248,415,94,220,165,378,491,123,420,495,296,422,186,126,263,283,476,117,186,402,495,119,249,12,174
229,67,172,141,174,301,248,238,411,132,155,412,309,234,355,423,426,92,347,292,433,498,101,487,343,487
366,423,113,187,237,103,181,264,498,314,329,255,3,22,434,116,119
374,395,256,434,144,438,206,233,308,493,476,443,495,122,281,292,335,339,163,341,347,125,58,270,93,433,136,344,393,70,368,281,245,4,373,106
432,198,487,226,150,190,133,214
338,60,278,349,411,462,381,418,132,129,477,95,197,156,374,277,411,455,5,455,363,337,134,254,36,194,282,498,12,404,482,304,268,370,465,371,448,413
2,69,132,479,358,473,277,16,167,82,185,93,80,478,67,387,207,254,355,9,114,102,320,419,134,393,303,364,12,37,96,261,34,239,100,112,81,491,464
75,427,344,349,80,486,274,489,487,219,4,32,491,162,475,146,203,277,418,275,63,420,386,324,242,414,24,444,335,478,492,265,447,152,241,131,478,365,216,382,199,479,229,448,498
77,38,402,107,23,124,285,347,63,90,51,224,7,71,48,274,291,360,16,89,384,455,136,41,403,220,144,81,461,374
326,26,329,199,214,40,455,430,66,266,341,261,351,207,420,362,306,273,301,452,282,16,432,308,219,155,247,121,52,194,235,80,47,183,425,62,394
354,162,138,68,436,118,445,205,367,292
449,438,268,112,418,173,281,30,177,462,136,39
59,481,33,418,218,261,144,465,187,131,325,369,64,195,186,415,279,393,84
244,353,253,125,107,163,476,481,294,397,141,157,161,63,102,59,213,49
95,353,21,17,291,302,366,182,306,336,185,265,76,271,19,16,387,207,442,73,462,425,492,158,176,54,91,125,321,25,115,219,24,373,489,78,110,310,104,9,477,160,385,106,353
480,270,107,284,269,479,177,252,258,490,1
227,7,297,280,21,19,352,131,130,264,187,376,16,137,357,131,22,78,248,485,214,398,230,291,352,339,462,1,351,186,181,262,114,349,282,413,71,160,36,387,362,332,346,53,240,349,389
378,314,178,95,498,256,442
241,349,327,255,266,15,264,43,475,338,115,462,379,343,169,11,139,360,205,202,198,190,482,411,481,444,194,483,421,218,466,275,274,372,403,327,434,94,180,374,97,203,400,142,379,146,193
190,39,51,421,230,429,212,209,201,11,284,272,254,448,368,159,93,260,383,378,213,136,244,170,433,248,193,306,366,438,315,211,397,3,290,70,397,81,70,79,190,443,213,487,147,222
394,477,392,218,257,417,357,481,33,353,343,53,373,433,178,132,14,213,7,110,169,200,129,334,354,341,269,368,129,64,171,366,453,10,361,343,61,359,185,220,380,316,155,132
413,195,347,220,317,301,236,69,292,18,447,195,363,309,236,105,287,264,110,207,115,220,355,122,177,250,242,246,229,21,213,320,439,417,151,97,454,242,100,64,404,161,11,288,176,214,492,211,212
65,208,58,173,466,270,396,428,162,159,453,79,59,130,472,301,360,475,412,428,236,137,210,166,179,367,229,19,346,302,478,71,213,397,170,238,457,61,172,189,90,29,268,90,386,494,26,393
172,322,396,417,178,81,88,94,184,235,242,379,427,141,233,17,432,219,22,163,426,206,497
471,297,208,137,105,159,337,356,284,408,468,92,17,159,162,159,500,317,190,111,228,450,373,477,130,451,144,172,191,132,369,120,104
139,410,395,471,235,254,454,323,358,197,97,132,264,131,108,434,369,124,382,370,47,68,188,206,256,271,401,296,277,67,42,312,401,215,326,422,195,101,341,237,283,498,346,241
362,204,238,339,312,40,497,152,264,90,81,378,115,108,483,98,245,341,404,54,336,322,464,185,495,122,457,440,195,169,107,246,31,111,64,378,63,388,67,71,135,111,247,224,189,399
454,113,7,261,369,131,392,378,48,88,249,356,325,463,244
196,221,322,280,139,383,269,361,298,272,129,279
170,364,54,472,433,466,38,282,291,182,418,499,70,485,261,279,353,466,253,139,224,56,360,490,425,369,92,343,248,305,73,264,413,448,212,411,492,232,476,491,48,97,351,372,294,252
350,315,36,270,435,221,50,155,118,458,151,85,494,392,480,468,40,113
341,387,39,403,440,388,101,259,421,237
366,129,436
477,400,92,433,160,493,33,424,90,308,422,216,421,331,434,56,479,258
315,211,299,273,350,249,235,7,234,261,428,75,194,218,347,173,19,314,491,402,358,414,392,53,293,478,99,2,384,233,6,319,305,467,325,123,388,14,188,94,255,355,310,1,17,114,56,61
439,22,210,403,368,2,88,453,216,132,110,245,220,104,38,395,334,116,201,222,42,241,390,249,206,399,419,229,469,130,452,282,207,111,236,415,379,385,330
397
429,497,278,442,41,162,40,42,392,128,231,107,3,423,234,168,232,374,148,123,479,297,481,157,124,98,282,315,152,356,383,453,135,492,230,139,465,108
157,409,128,446,460,471,370,183,219,4,57,115,267,86,360,441,480,101,57,400,338,261,298,157,457,384,401,174,199,120,236,365,350,181,454,240
4,22,489,373,33,100,351,227,151,412,259,489,41,263,58,421
424,208,335,264,426,84,107
421,22
324,344,464,411,358,178,56,223,298,315,125,296,380,415,304,91,135,486,104,317,278,146,462,348,144,352,327
63,97,345,375,55,195
288,452
145,274,225,389,276,236,466,19,308,481,303,193,408,258,477,386,201,276,95,341,353,289,302,354,190,50,495,49,203,3,170,210,255,401,8,402,11
342,290,469,329,353,495,38,430,268,256,465,418,312,362,20,331,253,405,309,405,156
60,126,140,488,77,452,15,194,316,404
205,367,1,377,336,49,315,230,72,367,384,386,417,275,405,264,400,373,191,230,481,339,298,182,183,338,334,60,411
345,106,13,49,98,302,202,47,448,396,110,48,332,254,45,113,489,145,182,396,192,196,432,95,280,409,402,276,102,121,61,3,28
181,302,399,179,404,273
98,230,423,158,32,457,73,212,350,438,181,413,473,376,5,185,156,482,474,289,500,104,486,317,84,172,14,179,32,470,259,217,163,445,36,82,219,288,129,134,345
189,313,445,154,124,216,23,141,185,147,346,436,40,258,429,93,318,471,356,158,328,28,40,278,151,299,206,88,417,91,392,495,475,10,57,85,77,473,49,81,262,490,144,63,180,267,417,466,250
102,461,141,170,394,476,343,362,178,270,300,58,357,450,402,172,115,168,284,340,433,378,332,52,53,374,402,29,343
332,262,352,363,325,63,115,302,180,416,1,428,302,169,456,197,361,439,369,445,227,162,247,195,56,74,87
73,161,310,62,38,355,267,474,244,88,128,249,99,480,318,462,264,138,301,265,272,139,358,394,360,368,30,308,244,83,295,107,213,95,128,478,245,140,200,387,353,299,381
191,80,10,484,135,173,468,252,112,469,340,232,159,446,77,191,154,16,163,400,46,314,318,210,62
301,337,358,88,188,312,164,43,230,43,81,327,156,134,449,148,228,280,103,15,424,498,496,350,237,483,379,169,487,68,348,131,389,157,304,4,374,410,171,178,450,473,199,178,298
137,303,436,9,337,206,207,161,469,351,81,423,456
462,318,448,85,372,219,360,292,329,449,356,44,414,381,247,159,456
89,296,142,50,475,22,174,269,66,475,118,463,141,392,233,230,446
81,131,329,273,254,331,189,309,357,186,275,302,306,391,263,120,345,418,220,401,221,9,385,85,416,428,444,319,458,139,267,144,353,401,258,113,207,320,494,487,395,40,304,46
367,2,283,301,228,292,214,454
237,465,296,54,259,221,41
111,95,458,480,219,432,500,16
39,230,404,106,227,425,242,133,423,257,269,179,208,251,139,363,264,456,412,380,330,491,157,25,215,90,202,338,234,330,358,498,56,272,460,117,194,343,287,135
441,423,69,348,446,8,362,332,257,326,77,42,434
30,343,155,375,73,154,70,343,465,175,274,30,187,420,277,424,57,498,339,368,269,54,470,194,165,172,405,393,311,322,252,73,182,339,6,235,398,378,193,75,61,43,9,492,333,219,306
362,228,158,85,215,435,149,393,360,24,326,153,482,492,448,297,376,92,98,75,444,321,179,78,32,423,278,249,123,467,184,435,45,4,284,414,131,372,232,271,165,127,123,276,213,353,88,79
331,59,434,409,233,303,84,313,352,226,256,370,442,128,227,111,249,136,463,214,427,366,465,61,160,359,230,482,454,339,485,141,317,294,331,1,130,302,156,252,330,335,284,23,484,457,324,109,450
128,430,202,228,276,419,26,309
200,89,94,27,315,22,82,182,28,455,235,231,453,438,398,65,253,154,27,324,456,39,373,246,41,45,482
389,37,203,210,439,6,138,342,135,111,166
380,209,328,472,11,116,379,281,113,424,220,304,280,158,327,436,75,179,252,436,155,264,322,55,291,71,327
192,468,128,412,5,76,102,41,201,70,431,402,137,264,365,495,325,381,132,22,22,72,461,397,312,316,29
473,53,102,318,16,93,376,420,235,174,48,427,192,316,492,83,297,206,58,344,475,464,477,141,274,53,479,127,359,102,75,286,314,467,369,21,207,473,127,424,190
308,178,217,217,207,403,266,121,295,454,470,450,266,22,249,139,346
122,15,390,450,231,500,136,221,183,61,212,117,417,100,46,181,59,308,34,71,419,455,17,195,124,263,330,99,222,468,347
168,405,50,77,120,258,85,491,187,330,81,54,115,373,301,76,333,246,146,392,52,450,486,308,366,2,256,478
188,57,96,462,104,235,94,141,153,11,406,199,339,296,11,100,463,320,208
491,101,255,216,134,55,276,181,58,77,414,241,489,419,46,71,206,251,37,174,171,233,377,220
84,162,354,465,438,167,180,198,14,335,397,289,431,62,74,178,63,28,416,50,486,237,145,238,92,368,17,323,229,465,371,313,65,247
286,136,258
180,233,491,15,68,205,33,51,329,93,65,79,188,347,272,359,284,52,254,381,96,493,105,55,112,467,214,483,88,190,99,54,182,128,143,32,431,66,302,121,266,470,431,187,479,174,54,57,488,125
343,14,320,98,35
69,474,181,68,482,413,443,481,163,276,355,331,471,139,474,425,5,194,252,115,67,144,321,317,232,342,427,142,340,217,282,347,198,152,464,83
340,270,33,255,470,406,242,75,216,276,34,367,57,152,256,129,426,138,416,377,475,383,333,242
478,451,224,344,369,255,181,488,187,307,394,447,476,450,52,408,1,424,285,477,434,117,451,202,392,206,426,227,77,32,242,102,476,338
173,20,290,127,281,433,484,305
143,426,488,23,96,351,317,353,29,166,307,481,161,44,226,255,73,103,376,421,162,292,235,481,461,341,385,427,328,34,42,90,454,40,420,152,100,264,127,61,175,328,90,227,124,184,390,276,110,182
43,110,219,270,149,186,302,219
210,414,102,314,187,472,254,246,470,379,203,321,422,64,217,284,135,408,111,250,377,292,124,167,477,420,188,104,63,296,481,470,338,22,172,215,207,338,147,355
422,148,226,249,42,178,262,139,148,352,122,348,307,320,74,476,244,449,157,427,130,274,135,11,268,323,206,364,144,488,282,368,86,154,63,425,231,257,87,481,379,29,98
130,120,132
388,492,382,464
461,114,139,177,267,160,358,224,304,398,129,142,282,295,83,54,365,250,228,359,172,347,132,143
30,143,109,79,167,161,349,216,379,485,261,347,123,318,360,448,109,329,90,485,141,415,336,102,278,328,326,300,173,44,341,202,421
351,131,276,492,274,191,497,391,162,278,329,65,153,87,321,194,176,258,162,168,359,130,204,286,188,446,357,123,65,164,56,307,11,425,495,355,212,164,212,162,177,491,443,458,136,46,201,403
277,34,28,245
180,155,242,277,441,452,12,442,357,490,125,180,11,124,211,199,261,450,221,252,37,370,256,355,412,109,378,212,348,346,125,344,213,377,401,200,246,430,24,181,160,295,295,134,193,134,207
383,244,436,131,407,472,118,61,313,480,180,454,354,146,482,313,206,301,369,407,373,283,70,97,240,383,25,309,25,482,297,207,191,96,275,61,340,1,64,236,320,417,95,126,256,337
429,113,462,454,479,218,235,36,105,324,308,136,71,42,376,134
89,12,256,426,78,403,292,427,470,470,106,21,324,337,351,55,105,232,377,373,62
365,326,322,299,161,99,22,113,463,351
231,146,342,410,279,3,273,36,258,450,349,253,322,149,331,83,163,30,5,83,475,62,15,282,492,401,419
393,239,12,401,194,361,358,54,237,376,81,15,42,220,286,204,315,255,171,283,277,445
55,269,217,172,500,310,154,215,246,148,474,258,463,423,213,493,159,259,58,219,198,254,389,251,52,141,42,324,427,66,461,493,235,138,192,383,305,441,181,346,441,75,206,55,459,46
136,485,431,468,39,167,308,218,241,429,463,338,464,283,454,164,203,149,55,276,410,195,245,498,230,262,211,493,212,150,192,473,235,50,205
17,409,48,351,27,476,113,461,349,164,66,158,347,384,129,109,208,18,305,16,139
145,335,430,483,298,458,61,290,403,71,456,337,215,224,5,72
283,372,325,128,166,178,178,187,353,410,432,403,17,169,435,13,308,188,160,319,144,58,351,157,336,104,306,368,92,484,105,104,100
413,61,429,225,264
215,484,124,483,48,289,166,156,363,301,365,130,233,82,190,307,402,368,447,242,419,9
375,131,13,382,352,148,345,59,314,305,95,460,78,187,136,401,22,460,395,488,396,200,408,493,144,96,412,334,470
364,484,93,347,240,183,29,103,345,262,484,20,492,449,219,162,428,368,256,204,314,252,50,183,21,453,246,184,178,128,491,94,183,426,418,188,404
141,305,228,53,103,18,185,69,88,246,198,492,87,419,16,162,18,219,410,204,169,81,54
190,390,248,499,426,60,226,190,176,336,274,182,192,201,28,361,43,106,458,202,82,136,321,84,85,393,405,229,154,140,47,493,364,76,380,148,387,61,8,392,412,36,402,206,441,243
405,447,265,361,371,468,277,387,2,245,458,464,91,77,254,57,487,111,256,345,46,220
57,218,334,441,2,19,492,379,221,241,382,80,392,451,421,3
481,49,126,270,236,327,265,156,213,208,248,63,268,35,61,72,185,163,299,165
92,20,318,278,365,395,9,90,18,152,436,191,153,53,142,362,86,118,53,447,255,25,148,267,367,30,151,306,213,424,332,412,179,383,35,286,183,283,303,495,451,109,369
390,366,87,181,481,32,417,230,270,473,287,110,409,261,433,78,252,452
116,195,48,62,242,354,342,472,16,44,108,319,50,372,443,465,319,145,8,430,21,234,315,454,120
395,217,338,349,133,224
215,211,19,362,129,405,271,278,141,350,434,193,338,305,439,256,181,368
462,358,156,121,330,429,271,384,309,396,274,440,51,350,66,304,147,291,252,299,49,103,275,296,107,103,179,407,277,211,78,34,4
171,356,32,234,47,221,142,246,447,218,385,126,11,41,458,298,493,152
295,428,316,397,18,36,350,76,26,47,208,217,430
196,493,426,206,125,418,431,177,486,81,404,96,339,295,315,476,249,166,184,121,327,147,132,419,252,345,136,35,122,91,50,195,214,130,201,31,266,262,256,368,286,123,214,160,1,102,462,486,122
42,498,254,8,76,51,288,460,293,61,316,205,377,266,6,24,208,427,73,179,376,73,269,411,91,66,180,10,369,209,5,138,478,156,192,10,364,434,108,303,339,67
455,341,223,164,71,425,201,196,35,150,102,226,208,188,67,192,248,206,279,425,248,217,68,261,84,319,407,43,1
122,163,235,27,453
240,78,100,420,436,93,302,366,240,68,461,464,343,396,341,208,18,268,173,324,99,124,264,75,345,181,467
275,177,87,489,222,273,383,68,410,47,257,355,432,68,222,490,266,113,136,413,55,196,214,478,118,478,371,495,80,20
32,464,312,182,292,115,442,126,237,334,102,448,447,103,261,23,41,115,365,37,263,121,419,490,320,416,492,333,151,336,261,6,63,240,244,456,157,408,125,97,171,302,497,239,26,345,267,1,81
362,243,360,439,490,492,91,282
78
133,186,94,483,350,354,397,346,20,223,276,253,208,159,269,134,376,5,195,377,157,371,345,298,139,322,338,214,423,88,434,157,255,269,51,433,349,132,150,400,11,158,87
347,296,72,51,375,339,36,144
46,130,290,120,91,448,86,120,149,444,438,266,323,309,255,15,206,316,314,87,331,148
322,358,95,481,469,462,87,264,177,128,228,456,251,14,119,353,393,186,265,82,10,32,353,335
379,382,244,315,149,146,69,63
181,429,97,331,10,441,345,87,81,388,278,110,355,301,174,405,398,22,205,349,335,17,164,160,105,315,390,34,498,248,448
200,12,462,139,197,353,46
239,303,24,141,312,1,329,26,470,66,227,196,202,34,77,166,99,312,34,27,328,294,39,331,38,442,279,357,421,443,375,483,147,19,118,282,297,398,338
422,245,242,495,234,5,122,426
198,230,295,53,5,465,33,402,455,335,199,213,385,400,219,243,140,381,171,386,63,20,96,64,498,322,275,271
468,32,119,352,418,335,407,69,277,37,198,123,211,496,172,477,334,450,186,152,205,271,276,405,431,380,466,477,184,173,318,57,144,98,230,374,482,354,297,55,166,484,56,56,492,391,420
402,154,261,144,124,243,85,95,79,428,237,372,136,329,234,430,93,485,35,436,427,306,149,323,463,141,108,451,475,425,169
375,72,255,141,402,238,405,276,352,150,57,2,370,224,67,256,15,146,50,330,448,373,133,441,167,485,36,386,307,226,257,28,266,373
380,206,369,437,415,443,165,161,424,295,279,207,434,247,47,21,27,69,472,270,4,270,396,409,398,205,69,404,250,188,159
18,482,55,386,399,110,427,397,119,393,328,96,465,451,182,464,88,424,61,451,118,57,95,422
151,257,225,160,124,178,204,78,51,277,367,22,75,287,185,256,489,118,452,364,440,128,164,187,253,109,35,419,273,389,173,357,181,79,317,445,309,19,334,61,230,317,250,478,270,179,172,22,450,329
311,45,116,289,53,1,109,152,361,234,353,374,358,243,135,443,294,48,225,260,337,190,203,427,396,470,423,85,161,293,435,4,172,498,397,439,295,372,67,233
223,14,362,144,480,409,466,203,295,173,416,290,113,259,200,145,337,381,187
286,140,399,181,172,42,309,135,114,428,34,84,208,111,469,201,148,141,235,138,94,486,43,495,445,244,265,386,490,316,109,251,357,230,269,421,5,472,385,437,497,143,8,54,279,177,54,191
479,161,321,219,424,389,357,485,227,439,494,388,380,454,225,66,209,334,297,211,219,378,45,116,354,152,350,318,177
152,34,447,77,406,93,354
99,353,21,456,118,437,8,215,484,370,59,205,47,494,118,222,105,472,93,432,141,171,295,398,410,124,229,230,50,367,425,459,49,236,144,413,358,427,51,296,301,174,394,90,479,493
150,450,423,416,196,315,277,107,153,379,85,166,219,268,102,346,462,357,206,9,486,313,113,121,276,127,305,402,266,122,22,484,77,112,159
407,54,308,99,275,15,108,74,61,244,281,379,432,8,131,109,357,274,6,135,234,3,73,371,259,369,382,499,373,366,240,468,172,368,316,432,127,342,70,15,331,368,12,259,11,261,281,38
365,285,402,469,167,170,28,436,199,43,144,368,300,178,223,396,302,197,213,83,324,121,485,434,444,442,216,260,167,339,357,409,463,360,4,129,464,272,227,205,450,457,175,57,6,478,174,398,106
341,173,51,58,287,354,208,187,57,415,239
319,433,499,178,184,436,206,329
76,197,425,268,342,497,92,309,389,2,449,292,121,359,88,37,135,46,426,344,296,218,122,394,432,303,260,302,338,320,72,351,392,135,345,269,220,126,292,118,492,266,364,53,9
351,90,92,240,18,331,269,334,403,3,257,65,429,15,393,456,190,495,15,41,102,351
39,193,39,149,427,409,475
94,403,81,303,462,14,222,202,480,114,188,457,88,77,132,177,201,190,232,391,490,387,100,408,67,451,350,137,271,450,11,441,56,129,404
462,241,469,476,293,328,2,414,234,80,114,199,447,500,144,160,190,292,372,290,152,372,84
65,175,352,145,313,112,229,302,292,312,96,113,122,264,225,468,271,164,21,498,123,306,48,148,288,443,97,147,230,195,472
47,305,135,284,173,405,246,431,363,293,38,399,20,466,410,116,78,330,463,13,485,347,471,286,21,78,66,12,283
154,374,57,408,233,344,54,327,475,403,440,58,341,483,441,179,233,265,53,263,33,286,63,166,32,190,133,77,105,303,407,292,213,442,214,156,487,238,164,149
146,370,326,461,498,373,99,360
329,57,227,468,379,347,199,375,400,289,39,478,70,149,152,388,216,258,317,241,243,154,409,480,88,93,81,299,297,56,269,88,7,390,110,146,366,354,28,36
237,150,81,137,490,188,317,61,54,120,479,93,495,431,343
320,208,115,31,27,153,39,416,277,214,353,438,93,13,445,469,41,373,257,88,346,104,451,58,243,13,362,209,129,286,277,414,490,242,316,377,36,499,150,468,108,327,314,194,251,29,188,14
74,182,196,6,460,470,126,353,9,155,188,308,452,447,281,436,442,227,465,171,139,405,450,450,341,263,201,132,229,114,278,272,226,234
273,117,232,50,92,149,16,494,179,211,438,163,144,262,17,454,6,9,246,444,166,403,339,83,40,172,160,37,322,298,199,110,401,467,98,150,429,389,205,469,454,373,439,185,480,493,277,369,293
158,15,91,287,235,366,59,335,457,476,284,79,28,32,35,457,198,95,198,333,26,172,478,332,55,447,447
80,345,377,64,74,396,7,302,154,175,286,359,61,6,107,306,432,83,148,285,278,475,76,118,145,203,130,244
356,257,20,71,190,349,113,263,243,34,393,198
69,273,461,478,320,132
289,429,424,193,94,415,236,285,116,241
23,129,6,136,488,407,392,244,417,352,355,424,313,462,448,1,275,298,208,90,409,422
265,214,40
364,484,44,404,445,390,57,48,312,128,475,114,316,53,425,461,33,486,380,411,271,31,3,367,449,398,365,22,438,478,100,28,160,301,99,39,245,276,348,190,487,331,230,325,217,378,117,465
382,33,204,373,125,325,246,455,256,333,494,455,267,409
300,103,397,474,64,477,367,335,30,437,172,462,393,171,155,327,330,205,73,166,138,52,433,109,77,253,378,409,281,420,441,123,320,493,225,442,382,68,215,110,128,82,276,441
237,138,354,25,479,352,340,137,405,74,178,196,179,326,165,392,181
336,207,470,193,483,183,158,278,171,280,381,305,88,480,172,426,95,32,64,144,250,435,358,495,441,16,49,216,168,194,241,278,208,346,56
269,293,159,215,415,42,310,13,6,231,287,434,10,370,35,130,398,233,205,185,264,411,418,140,341,184,34,445,21,282,312,258,141,351,73,64
220,14,205,152,120,243,53,147,358,83,283,263,158,261,315,5,83,111,248,9,201,66,119,42,88,72,293,164,317,252,136,450,208,18,201,420,356,393,466,413,402,311,385,96,482,50,329
462,170,9,114,373,257,437,59,325,329,305,119,126,4,30,380,230,210,293,27,300,427,463,11,264,199,213,277,353,115,26,187,428,180,123,452,179,237,271,5,91,368,257,112
25,500,174,476,14,168,49,264,193
316,128,414,291,447,241,475,406,66,217,102,123,263,155,405,493,83,354,134,282,67,158
239,156,122,223,119,454,436,497,79,163,195,256,75,422,170,456,134,274,72,326,283,83,360,123,293,142,36,437
243,307,6,26,349,307,128
54,263,381,326,441,217,410,286,168,451,314,404,404,5,258,418,347,201,414,337,253,426,444,315,155,140,199,436,53,436,257,259,133,235,5,28,190,276,436,237,342,46
329,451,315,23,197,175,144,130,324,226,184,465,483,159,133,302,106,233,63,273,255,214,227,469,458,351,247,456,92,186,153,406,47,465,465,374,463,261,66,267,424,255,496
354,205,89,333,164,450,257,248,120,499,335,250,58,373,394,357,214,47,331,272,123,132,285,24,415,344,46,120,66,328,179,360,169,351,479,92,270,31,48,278,365,500,448,197
7,448,276,109,472,487,22,450,384,282,283
476,216,479,342,364,85,340,99,116,320,46,53,381,369,148,111,492,468,190
7,471,36,129,335,471,280,83,130,417,432,425,161,92,352,393,12,268,319,122,237,298,305,192,190,214,371
233,9,75,489,244,49,40,303,310,135,123,426
192,449,19,354,322,96,197,419,448,188,420,314,239,355,234,90,12,95,261,228,358,300,401,295,27,170
406,440,184,237,142,283,248,425,41,46,422,398,275,340,166,207,421,5,74,273
62,100,207,314,100,213,339,90,293,336,372
87,491,461,323,371,254
292,379
69,276,88,2,264,81
391,311,149,191,75,497,421,273,402,464,423,399,351,18,281,277,363,216,128,192,45,308,471,369,305,64,205,361,37,465,470,162,442,132,454,477,53,165,141,104,229,496,339
383,107,211,37,140,76,155,203,477,326,271,15,81,261,256,229,261,344,165,217,346,347,120,435,21,353,284,492,331,95,24,382,364,52,246,323,16,483,178,293,18,473,147,364,179,146
39,179,476,340,467,184,7,124,222,92,264,500,360,342,76,173,420,243,120,204,435,107,302,458,220,224,466,478,186,496,313,198,488,204,362,371,145,198,369,384,91,217,438,292
115,227,54,370,444,154,424,123,434,174,42,197,99,361,114,263,181,127,305,228,59,475,497,380,218,227,125,222,393,172,202,98,126,487,50,101,217,384
453,181,297,81,409,188,345,331,102,360,455,288,433,448,300,169,135,314,149,433,154,17,310,83,477,347,191,295,338,172,8
255,85,107,156,112,132,168,47,115,424,325,340,440,21,150,18,203,245,254,271,92,210,458,116,192,301,137,73,42,43,443,148,59,372,56
491,35,86,147,339,471,151,376,92,205,94,178,278,386,260,218,262,390,250,450,286,2,51,315,346,496,498,25,35,244,32,431,432,482,389,431,432,48,328,167,342,446,394,51
396,126,172,204,110,149,10,238,53,276,446,309,375,399,90,392,308,309,79,401,329,297,82,203,204,284,21,204,431,69,173,222,248,330,291,361,343,161,224,446,425,319,151,341,85
245,44,67,316,398,71,453,160,303,345,421,426,106,148,184,248,130,441,264,391,338,15,163,198,365,62,125,109,51,436,399,298,397,1,126,167,499,352,439
189,423
236,472,237,67,187,430,176,160,101,471,392,461,128,306,372,259,112,99,296,378,171,108,345,85
177,12,282,225,385,441,107,115,211,402
261,138,174,212,143,454,289,444,266,343,402,382,178,291,327,2,424,305,333,479,232,39,327,450,387,495,114,155,143,475,431,3,32,122,350,297,465,23
444,372,418
134,337
324,179,454,14
38,363,120,428,344,228,166,62,213,300,118,392,48,394,403,458,486,499,228,9,160,449,494,18,201,123,168,39,177,452,33,70,203,442
162,60,483,24,42,127,58,278,137,337,215,45,97,39,320,19,383,356,147,55,129,280,498,371,96,223,114,398,59,261,264
310,24,202,257,35,259,186,354,223,346,185,112,133,369,101,93,300,203
487,192,254,6,444,216,86,449,16,150,133,97,377,227,454,2,72,499,30,356,36,328,380,274,81,341,348,357,10,285,495,383,53,248,198,94
492,202,249,445,370,197,218,297,57,454,465,376,291,98,322,434,399,62,445,371,353,215,444,359,190,449,286,314,422,460,15,16,75,114,392,441,426,377,277,77,466,289,214,404,88,30,286,50
231,488,133,498,275,230,413,5,86,181,257,20,30,383,4,435,332,394,17,239,454,444,94,96,479,283,105,51,380,383,215,286,22,98,149
272,233,328,81,279,408,102,442,25,314,311,105,477,392,45,251,77,5,47,318
65,188,70,425,51,465,178,450,441,138,477,211,12,86,420,158,248,239,309,123
459,296,410,72,176,278,30,107,203,476,406,321,261,441,447,233,481,178,360,212,173,418,350,385,11,425,293,117,131,223,87,403,406,211
102,306,338,422,399,154,322
483,344,205,386,288,427,77,404,207,192,145,131,420,70,105,44,336,386,278,355,182,485,198,208,372,351,376,180,323,86,456
159,281,141,150,3,177,354,92,225,212,337,457,375,258,108,476,348,28,33,316,85,316,181,421,297,467,469,377,119,12,245
460,37,498,280,57,303
474,299,34,174,87,130,444,326,348,43,441,462,339,163,68,211,284,500,59,160,216,1,169,428,47,275,302,160,65,491,457,103,94,175,2,464,428,159,462,338,152,48,127
466,328,295,72,484,265,124,262,202,84,349,342,262,263,409,493,305,250,468,281
83,401,154,270,192,3,414,450,291,234,95,464,406,33,356,172,139,235,80,63,401,248,473,376,371,386,478,410,80,51,61,284,433,202,222,86,488,226,306,454,164,295,478
444,60,108,411,343,9,428,338,279,258,9,311,110,95,366,400,294,444,157,131,463,447,242,491,109,100,97,95,32,321,327,416,394,419,130,208,359,277,428,276,161,133
225,188,297,126,186,148,115,376,421,237,495,170,83,327,421,96,287,383,467,482,15,166,284
219,398,295,272,406,154,319,470,320,34,296
5,283,199,140,70,215,457,415,491,186,405,31,116,89,464,419,464,53,164,177,50,181,415,163,408,62,350,103,455,13,269,416,433,11,121,114,47,437,197,60,220
97,125
17,339,303,133,452,37,461,480,320,240,151,193,118,413,330,324
184,52,81,466,104,10,260,234,476,321,174,100,394,495
272,100,378,22,397,88,239,285,448
56,315,229,428,113,12,78,273,438,298,3,259,214,67,212,456,99,237,54,147,125,419,66,231,212,85,462,114,105,7,176,223,6,23,146,436,412
391,407,292,22,235,399,290,148,115,476,373,320,137,326,483,57,2,470,152,367
21,104,54,277,325,199,340,324,292,27,17,253,398,436,81,108,254,76,20,51,187,496,86,481,307,148,34,180,209,446,56,25,70,131,169
306,69,70,411,123,111,92,349,419,292,75,301,120,14,116,14,238,269,15,160,371,473,35,27,472,471,454,196,305,369,22,135,70,479,262,89,153,199
274,282,54,255,383,412,352,428,302,440,214,487,304,452,35,86
343,314,106
431
366,24,260,439,134,374,185,328,217,235,122,213,229,329,180,199,289,60,255,389,184,415,449,356,140,419,469,395,152,485,73,210,160
230,150,46,454,440,330,1,41,348,99,116,342,291,254,216,42,452,204,58,120,139,174,49,210,102,108,139,249,476,498,301
116,342,276,51,261,99,104,321,253,493,280,373,182,48,392,56,252,359,142,56,475,367,15,131,253,153,242,18
22,357,412,345,90,224,388,108,417,92,163,139,43
236,192,258,457,359,93,142,122,260,341,213
278,89,105,393,301,415,81,212,109,247,413,1,463,63,478,485,38,110,413,375,402,219,452,493
41,466,391,83,55,371,485,300,159,281,417,290,148,476,212,48,359,258,427,92,443,78,8,454
431,304,292,203,242,90,220,135,270,242,27,5,467,132,128,440,89,421,242,341,80,243,304,486,204,473,438,289,47,494,315,361,468,371,224,241,369,122,121,400,110,146,347,161,245,106,89,286,426
310,476,269,351,315,91,284,55,397,28,28,163,149,345,433,149,364,303,195,262,361,428,42,268,449,202,434,318,52,384,453,234,149
212,360,407,106,320,374,320
245,440,108,147,427,37,376,57,39,86,75,49,422
210,132,100,456,106,492,216,9,29,364,95,348,60,340,111,283,60,210,225,294,306,34,263,131
403,113,213,221,307,101,292,275,235,48,378,324,272,54,140,75,187,406,66,480,39,345,269,40,493,106,229,287,179,358,370,131,22,67,6,396,82
333,341,69,289,230,414,79,85,355,474,77,467,196,448,266,341,325,307,370
356,74,22,337,61,437,450,284,493,421,178,400,197,392,360,322,398,191
54,133,291,16,154,189,131,416,326
294,66,435,366,418,33,29,273,467,12,499,386,416,3,149,490,334,37,203,114,120,475,194,210,221,252,368,200,210,151,196,352,344,476,450,246,387,441,322,444,122
225,338,165,124,343,190,264,27,251
320,307,322,373,394,286,48,127,433,394,488,174,276,161,104,64,330,363,499,386,161,142,44,144,2,459,153,334,24,246,346,337
219,125,123,343,214,103,147,235,499,191,376,30,67,486
261,82,453,151,483,209,115,441,409,59,47
96,154,440,149,418,232,219,236,227,274,216,111,310,255,406,419,162,2,125,230,115,93,359,144,422,330,13,396,196,411,212,249,294,246,119,212,41,279,261,374,263,435
455,79,240,320,335,168
84,354,37,265,154,253,12,468,30,402,20,3,68,226,205,342,376,76,311,444,334,36,103,436,419,462,255,429,304,311,315,495,328,451,186,174,200,12,174
