4,14,23,3,10,4,17,9,27
4,1,18,9,1,6,20,21,8,21,25,1,6,23,7,7,25,13,4,17
9,16,9,11,3,25,9,9,4,16,17,21,11,5
3,1,30,18,18,22,5,3,24,13,24,22,26,2
12,23,19,9,1,14,28,27,28,27,28,13,25
2,17,15,25,28,29,2,10,16,13
18,3,29,28,15,21,1,6,17,19,30,18
9,2,15,30,19,4,28,26,13,17,13,25,27,18,23
30,3,28,6,17,20,29,1,22,20,11,2,13,5,1,6
8,27,22,2,29,11,17,15
22,16,19,2,4,6,3,25,17,22,5,11,27,19,23,4,16
22,6,26,18,30,2,23,8,1,24,7,20,23,29,3,25,4,18,7,22
12
23,7,18,8,28,30,17,27,27,14,15,15,30,12
3,14,24,3,8,10,20,23,19,23,6,8,11,7,18,11,20,15,15,21
14
4,21,22,5,8,19,16,22,11,14,1,27,8,27,11,9,8,30,23
11,23
2,25
7,30,22,5,25,25,9,16,13,14,9
19,25,7
7,5,25,9,25,10,22,14,11,1,28,20,24,9,1,5,17,10,13,2
20,10,29,16,13,25,11,23,17
