51200.000
51200.000
51200.000
51200.000
51200.000
51200.000
51200.000
51200.000
51200.000
51200.000
51200.000
51200.000
51200.000
51200.000
51200.000
51200.000
51200.000
51200.000
51200.000
51200.000
51200.000
51200.000
51200.000
51200.000
51200.000
51200.000
51200.000
51200.000
51200.000
51200.000
51200.000
51200.000
51200.000
51200.000
51200.000
51200.000
51200.000
51200.000
51200.000
51200.000
51200.000
51200.000
51200.000
51200.000
51200.000
51200.000
51200.000
51200.000
51200.000
51200.000
51200.000
51200.000
51200.000
51200.000
51200.000
51200.000
51200.000
51200.000
51200.000
51200.000
