17840355.556
17840355.556
17840355.556
17840355.556
17840355.556
17840355.556
17840355.556
17840355.556
17840355.556
17840355.556
17840355.556
17840355.556
17840355.556
17840355.556
17840355.556
17840355.556
17840355.556
17840355.556
17840355.556
17840355.556
17840355.556
17840355.556
17840355.556
17840355.556
17840355.556
17840355.556
17840355.556
17840355.556
17840355.556
17840355.556
17840355.556
17840355.556
17840355.556
17840355.556
17840355.556
17840355.556
17840355.556
17840355.556
17840355.556
17840355.556
17840355.556
17840355.556
17840355.556
17840355.556
17840355.556
17840355.556
17840355.556
17840355.556
17840355.556
17840355.556
17840355.556
17840355.556
17840355.556
17840355.556
17840355.556
17840355.556
17840355.556
17840355.556
17840355.556
17840355.556
17840355.556
17840355.556
17840355.556
17840355.556
17840355.556
17840355.556
17840355.556
17840355.556
17840355.556
17840355.556
